1000
(-17.4885, 0, 64.6862) (1, 1, 1) (0, 0)
(-17.4582, 0, 64.4259) (1, 1, 1) (0, 0)
(-17.4278, 0, 64.166) (1, 1, 1) (0, 0)
(-17.3975, 0, 63.9066) (1, 1, 1) (0, 0)
(-17.3671, 0, 63.6476) (1, 1, 1) (0, 0)
(-17.3368, 0, 63.3891) (1, 1, 1) (0, 0)
(-17.3064, 0, 63.1311) (1, 1, 1) (0, 0)
(-17.2761, 0, 62.8735) (1, 1, 1) (0, 0)
(-17.2457, 0, 62.6164) (1, 1, 1) (0, 0)
(-17.2154, 0, 62.3597) (1, 1, 1) (0, 0)
(-17.185, 0, 62.1035) (1, 1, 1) (0, 0)
(-17.1547, 0, 61.8478) (1, 1, 1) (0, 0)
(-17.1243, 0, 61.5925) (1, 1, 1) (0, 0)
(-17.094, 0, 61.3377) (1, 1, 1) (0, 0)
(-17.0636, 0, 61.0833) (1, 1, 1) (0, 0)
(-17.0333, 0, 60.8294) (1, 1, 1) (0, 0)
(-17.0029, 0, 60.576) (1, 1, 1) (0, 0)
(-16.9726, 0, 60.3231) (1, 1, 1) (0, 0)
(-16.9422, 0, 60.0706) (1, 1, 1) (0, 0)
(-16.9119, 0, 59.8185) (1, 1, 1) (0, 0)
(-16.8815, 0, 59.5669) (1, 1, 1) (0, 0)
(-16.8512, 0, 59.3158) (1, 1, 1) (0, 0)
(-16.8208, 0, 59.0651) (1, 1, 1) (0, 0)
(-16.7905, 0, 58.8149) (1, 1, 1) (0, 0)
(-16.7601, 0, 58.5652) (1, 1, 1) (0, 0)
(-16.7298, 0, 58.3159) (1, 1, 1) (0, 0)
(-16.6994, 0, 58.0671) (1, 1, 1) (0, 0)
(-16.6691, 0, 57.8188) (1, 1, 1) (0, 0)
(-16.6387, 0, 57.5709) (1, 1, 1) (0, 0)
(-16.6084, 0, 57.3234) (1, 1, 1) (0, 0)
(-16.578, 0, 57.0765) (1, 1, 1) (0, 0)
(-16.5477, 0, 56.83) (1, 1, 1) (0, 0)
(-16.5173, 0, 56.5839) (1, 1, 1) (0, 0)
(-16.487, 0, 56.3383) (1, 1, 1) (0, 0)
(-16.4566, 0, 56.0932) (1, 1, 1) (0, 0)
(-16.4263, 0, 55.8485) (1, 1, 1) (0, 0)
(-16.3959, 0, 55.6043) (1, 1, 1) (0, 0)
(-16.3656, 0, 55.3606) (1, 1, 1) (0, 0)
(-16.3352, 0, 55.1173) (1, 1, 1) (0, 0)
(-16.3049, 0, 54.8745) (1, 1, 1) (0, 0)
(-16.2745, 0, 54.6321) (1, 1, 1) (0, 0)
(-16.2442, 0, 54.3903) (1, 1, 1) (0, 0)
(-16.2138, 0, 54.1488) (1, 1, 1) (0, 0)
(-16.1835, 0, 53.9078) (1, 1, 1) (0, 0)
(-16.1531, 0, 53.6673) (1, 1, 1) (0, 0)
(-16.1228, 0, 53.4273) (1, 1, 1) (0, 0)
(-16.0924, 0, 53.1877) (1, 1, 1) (0, 0)
(-16.0621, 0, 52.9486) (1, 1, 1) (0, 0)
(-16.0317, 0, 52.7099) (1, 1, 1) (0, 0)
(-16.0014, 0, 52.4717) (1, 1, 1) (0, 0)
(-15.971, 0, 52.234) (1, 1, 1) (0, 0)
(-15.9407, 0, 51.9967) (1, 1, 1) (0, 0)
(-15.9103, 0, 51.7599) (1, 1, 1) (0, 0)
(-15.88, 0, 51.5235) (1, 1, 1) (0, 0)
(-15.8496, 0, 51.2876) (1, 1, 1) (0, 0)
(-15.8193, 0, 51.0522) (1, 1, 1) (0, 0)
(-15.7889, 0, 50.8172) (1, 1, 1) (0, 0)
(-15.7586, 0, 50.5827) (1, 1, 1) (0, 0)
(-15.7282, 0, 50.3486) (1, 1, 1) (0, 0)
(-15.6979, 0, 50.115) (1, 1, 1) (0, 0)
(-15.6675, 0, 49.8819) (1, 1, 1) (0, 0)
(-15.6372, 0, 49.6492) (1, 1, 1) (0, 0)
(-15.6068, 0, 49.417) (1, 1, 1) (0, 0)
(-15.5765, 0, 49.1853) (1, 1, 1) (0, 0)
(-15.5461, 0, 48.954) (1, 1, 1) (0, 0)
(-15.5158, 0, 48.7232) (1, 1, 1) (0, 0)
(-15.4854, 0, 48.4928) (1, 1, 1) (0, 0)
(-15.4551, 0, 48.2629) (1, 1, 1) (0, 0)
(-15.4247, 0, 48.0335) (1, 1, 1) (0, 0)
(-15.3944, 0, 47.8045) (1, 1, 1) (0, 0)
(-15.364, 0, 47.576) (1, 1, 1) (0, 0)
(-15.3337, 0, 47.3479) (1, 1, 1) (0, 0)
(-15.3033, 0, 47.1203) (1, 1, 1) (0, 0)
(-15.273, 0, 46.8932) (1, 1, 1) (0, 0)
(-15.2426, 0, 46.6665) (1, 1, 1) (0, 0)
(-15.2123, 0, 46.4403) (1, 1, 1) (0, 0)
(-15.1819, 0, 46.2145) (1, 1, 1) (0, 0)
(-15.1516, 0, 45.9893) (1, 1, 1) (0, 0)
(-15.1212, 0, 45.7644) (1, 1, 1) (0, 0)
(-15.0909, 0, 45.5401) (1, 1, 1) (0, 0)
(-15.0605, 0, 45.3162) (1, 1, 1) (0, 0)
(-15.0302, 0, 45.0927) (1, 1, 1) (0, 0)
(-14.9998, 0, 44.8697) (1, 1, 1) (0, 0)
(-14.9695, 0, 44.6472) (1, 1, 1) (0, 0)
(-14.9391, 0, 44.4251) (1, 1, 1) (0, 0)
(-14.9088, 0, 44.2035) (1, 1, 1) (0, 0)
(-14.8784, 0, 43.9824) (1, 1, 1) (0, 0)
(-14.8481, 0, 43.7617) (1, 1, 1) (0, 0)
(-14.8177, 0, 43.5415) (1, 1, 1) (0, 0)
(-14.7874, 0, 43.3218) (1, 1, 1) (0, 0)
(-14.7571, 0, 43.1025) (1, 1, 1) (0, 0)
(-14.7267, 0, 42.8836) (1, 1, 1) (0, 0)
(-14.6964, 0, 42.6653) (1, 1, 1) (0, 0)
(-14.666, 0, 42.4474) (1, 1, 1) (0, 0)
(-14.6357, 0, 42.2299) (1, 1, 1) (0, 0)
(-14.6053, 0, 42.0129) (1, 1, 1) (0, 0)
(-14.575, 0, 41.7964) (1, 1, 1) (0, 0)
(-14.5446, 0, 41.5804) (1, 1, 1) (0, 0)
(-14.5143, 0, 41.3648) (1, 1, 1) (0, 0)
(-14.4839, 0, 41.1496) (1, 1, 1) (0, 0)
(-14.4536, 0, 40.9349) (1, 1, 1) (0, 0)
(-14.4232, 0, 40.7207) (1, 1, 1) (0, 0)
(-14.3929, 0, 40.507) (1, 1, 1) (0, 0)
(-14.3625, 0, 40.2937) (1, 1, 1) (0, 0)
(-14.3322, 0, 40.0808) (1, 1, 1) (0, 0)
(-14.3018, 0, 39.8685) (1, 1, 1) (0, 0)
(-14.2715, 0, 39.6566) (1, 1, 1) (0, 0)
(-14.2411, 0, 39.4451) (1, 1, 1) (0, 0)
(-14.2108, 0, 39.2341) (1, 1, 1) (0, 0)
(-14.1804, 0, 39.0236) (1, 1, 1) (0, 0)
(-14.1501, 0, 38.8135) (1, 1, 1) (0, 0)
(-14.1197, 0, 38.6039) (1, 1, 1) (0, 0)
(-14.0894, 0, 38.3948) (1, 1, 1) (0, 0)
(-14.059, 0, 38.1861) (1, 1, 1) (0, 0)
(-14.0287, 0, 37.9779) (1, 1, 1) (0, 0)
(-13.9983, 0, 37.7701) (1, 1, 1) (0, 0)
(-13.968, 0, 37.5628) (1, 1, 1) (0, 0)
(-13.9376, 0, 37.356) (1, 1, 1) (0, 0)
(-13.9073, 0, 37.1496) (1, 1, 1) (0, 0)
(-13.8769, 0, 36.9437) (1, 1, 1) (0, 0)
(-13.8466, 0, 36.7382) (1, 1, 1) (0, 0)
(-13.8162, 0, 36.5332) (1, 1, 1) (0, 0)
(-13.7859, 0, 36.3287) (1, 1, 1) (0, 0)
(-13.7555, 0, 36.1246) (1, 1, 1) (0, 0)
(-13.7252, 0, 35.921) (1, 1, 1) (0, 0)
(-13.6948, 0, 35.7179) (1, 1, 1) (0, 0)
(-13.6645, 0, 35.5152) (1, 1, 1) (0, 0)
(-13.6341, 0, 35.313) (1, 1, 1) (0, 0)
(-13.6038, 0, 35.1112) (1, 1, 1) (0, 0)
(-13.5734, 0, 34.9099) (1, 1, 1) (0, 0)
(-13.5431, 0, 34.7091) (1, 1, 1) (0, 0)
(-13.5127, 0, 34.5087) (1, 1, 1) (0, 0)
(-13.4824, 0, 34.3088) (1, 1, 1) (0, 0)
(-13.452, 0, 34.1093) (1, 1, 1) (0, 0)
(-13.4217, 0, 33.9103) (1, 1, 1) (0, 0)
(-13.3913, 0, 33.7118) (1, 1, 1) (0, 0)
(-13.361, 0, 33.5137) (1, 1, 1) (0, 0)
(-13.3306, 0, 33.3161) (1, 1, 1) (0, 0)
(-13.3003, 0, 33.119) (1, 1, 1) (0, 0)
(-13.2699, 0, 32.9223) (1, 1, 1) (0, 0)
(-13.2396, 0, 32.7261) (1, 1, 1) (0, 0)
(-13.2092, 0, 32.5303) (1, 1, 1) (0, 0)
(-13.1789, 0, 32.335) (1, 1, 1) (0, 0)
(-13.1485, 0, 32.1402) (1, 1, 1) (0, 0)
(-13.1182, 0, 31.9458) (1, 1, 1) (0, 0)
(-13.0878, 0, 31.7519) (1, 1, 1) (0, 0)
(-13.0575, 0, 31.5584) (1, 1, 1) (0, 0)
(-13.0271, 0, 31.3654) (1, 1, 1) (0, 0)
(-12.9968, 0, 31.1729) (1, 1, 1) (0, 0)
(-12.9664, 0, 30.9808) (1, 1, 1) (0, 0)
(-12.9361, 0, 30.7892) (1, 1, 1) (0, 0)
(-12.9057, 0, 30.598) (1, 1, 1) (0, 0)
(-12.8754, 0, 30.4073) (1, 1, 1) (0, 0)
(-12.845, 0, 30.2171) (1, 1, 1) (0, 0)
(-12.8147, 0, 30.0273) (1, 1, 1) (0, 0)
(-12.7843, 0, 29.838) (1, 1, 1) (0, 0)
(-12.754, 0, 29.6492) (1, 1, 1) (0, 0)
(-12.7236, 0, 29.4608) (1, 1, 1) (0, 0)
(-12.6933, 0, 29.2729) (1, 1, 1) (0, 0)
(-12.6629, 0, 29.0854) (1, 1, 1) (0, 0)
(-12.6326, 0, 28.8984) (1, 1, 1) (0, 0)
(-12.6022, 0, 28.7119) (1, 1, 1) (0, 0)
(-12.5719, 0, 28.5258) (1, 1, 1) (0, 0)
(-12.5415, 0, 28.3402) (1, 1, 1) (0, 0)
(-12.5112, 0, 28.155) (1, 1, 1) (0, 0)
(-12.4808, 0, 27.9703) (1, 1, 1) (0, 0)
(-12.4505, 0, 27.7861) (1, 1, 1) (0, 0)
(-12.4201, 0, 27.6023) (1, 1, 1) (0, 0)
(-12.3898, 0, 27.419) (1, 1, 1) (0, 0)
(-12.3594, 0, 27.2362) (1, 1, 1) (0, 0)
(-12.3291, 0, 27.0538) (1, 1, 1) (0, 0)
(-12.2987, 0, 26.8719) (1, 1, 1) (0, 0)
(-12.2684, 0, 26.6904) (1, 1, 1) (0, 0)
(-12.238, 0, 26.5094) (1, 1, 1) (0, 0)
(-12.2077, 0, 26.3288) (1, 1, 1) (0, 0)
(-12.1773, 0, 26.1488) (1, 1, 1) (0, 0)
(-12.147, 0, 25.9691) (1, 1, 1) (0, 0)
(-12.1166, 0, 25.79) (1, 1, 1) (0, 0)
(-12.0863, 0, 25.6113) (1, 1, 1) (0, 0)
(-12.0559, 0, 25.433) (1, 1, 1) (0, 0)
(-12.0256, 0, 25.2553) (1, 1, 1) (0, 0)
(-11.9953, 0, 25.078) (1, 1, 1) (0, 0)
(-11.9649, 0, 24.9011) (1, 1, 1) (0, 0)
(-11.9346, 0, 24.7247) (1, 1, 1) (0, 0)
(-11.9042, 0, 24.5488) (1, 1, 1) (0, 0)
(-11.8739, 0, 24.3733) (1, 1, 1) (0, 0)
(-11.8435, 0, 24.1983) (1, 1, 1) (0, 0)
(-11.8132, 0, 24.0238) (1, 1, 1) (0, 0)
(-11.7828, 0, 23.8497) (1, 1, 1) (0, 0)
(-11.7525, 0, 23.6761) (1, 1, 1) (0, 0)
(-11.7221, 0, 23.5029) (1, 1, 1) (0, 0)
(-11.6918, 0, 23.3302) (1, 1, 1) (0, 0)
(-11.6614, 0, 23.158) (1, 1, 1) (0, 0)
(-11.6311, 0, 22.9862) (1, 1, 1) (0, 0)
(-11.6007, 0, 22.8149) (1, 1, 1) (0, 0)
(-11.5704, 0, 22.644) (1, 1, 1) (0, 0)
(-11.54, 0, 22.4736) (1, 1, 1) (0, 0)
(-11.5097, 0, 22.3037) (1, 1, 1) (0, 0)
(-11.4793, 0, 22.1342) (1, 1, 1) (0, 0)
(-11.449, 0, 21.9652) (1, 1, 1) (0, 0)
(-11.4186, 0, 21.7967) (1, 1, 1) (0, 0)
(-11.3883, 0, 21.6286) (1, 1, 1) (0, 0)
(-11.3579, 0, 21.4609) (1, 1, 1) (0, 0)
(-11.3276, 0, 21.2938) (1, 1, 1) (0, 0)
(-11.2972, 0, 21.1271) (1, 1, 1) (0, 0)
(-11.2669, 0, 20.9608) (1, 1, 1) (0, 0)
(-11.2365, 0, 20.7951) (1, 1, 1) (0, 0)
(-11.2062, 0, 20.6297) (1, 1, 1) (0, 0)
(-11.1758, 0, 20.4649) (1, 1, 1) (0, 0)
(-11.1455, 0, 20.3005) (1, 1, 1) (0, 0)
(-11.1151, 0, 20.1365) (1, 1, 1) (0, 0)
(-11.0848, 0, 19.9731) (1, 1, 1) (0, 0)
(-11.0544, 0, 19.8101) (1, 1, 1) (0, 0)
(-11.0241, 0, 19.6475) (1, 1, 1) (0, 0)
(-10.9937, 0, 19.4854) (1, 1, 1) (0, 0)
(-10.9634, 0, 19.3238) (1, 1, 1) (0, 0)
(-10.933, 0, 19.1626) (1, 1, 1) (0, 0)
(-10.9027, 0, 19.0019) (1, 1, 1) (0, 0)
(-10.8723, 0, 18.8417) (1, 1, 1) (0, 0)
(-10.842, 0, 18.6819) (1, 1, 1) (0, 0)
(-10.8116, 0, 18.5226) (1, 1, 1) (0, 0)
(-10.7813, 0, 18.3637) (1, 1, 1) (0, 0)
(-10.7509, 0, 18.2053) (1, 1, 1) (0, 0)
(-10.7206, 0, 18.0474) (1, 1, 1) (0, 0)
(-10.6902, 0, 17.8899) (1, 1, 1) (0, 0)
(-10.6599, 0, 17.7329) (1, 1, 1) (0, 0)
(-10.6295, 0, 17.5763) (1, 1, 1) (0, 0)
(-10.5992, 0, 17.4202) (1, 1, 1) (0, 0)
(-10.5688, 0, 17.2646) (1, 1, 1) (0, 0)
(-10.5385, 0, 17.1094) (1, 1, 1) (0, 0)
(-10.5081, 0, 16.9547) (1, 1, 1) (0, 0)
(-10.4778, 0, 16.8005) (1, 1, 1) (0, 0)
(-10.4474, 0, 16.6467) (1, 1, 1) (0, 0)
(-10.4171, 0, 16.4934) (1, 1, 1) (0, 0)
(-10.3867, 0, 16.3405) (1, 1, 1) (0, 0)
(-10.3564, 0, 16.1881) (1, 1, 1) (0, 0)
(-10.326, 0, 16.0361) (1, 1, 1) (0, 0)
(-10.2957, 0, 15.8847) (1, 1, 1) (0, 0)
(-10.2653, 0, 15.7336) (1, 1, 1) (0, 0)
(-10.235, 0, 15.5831) (1, 1, 1) (0, 0)
(-10.2046, 0, 15.433) (1, 1, 1) (0, 0)
(-10.1743, 0, 15.2834) (1, 1, 1) (0, 0)
(-10.1439, 0, 15.1342) (1, 1, 1) (0, 0)
(-10.1136, 0, 14.9855) (1, 1, 1) (0, 0)
(-10.0832, 0, 14.8372) (1, 1, 1) (0, 0)
(-10.0529, 0, 14.6894) (1, 1, 1) (0, 0)
(-10.0225, 0, 14.5421) (1, 1, 1) (0, 0)
(-9.99219, 0, 14.3952) (1, 1, 1) (0, 0)
(-9.96184, 0, 14.2488) (1, 1, 1) (0, 0)
(-9.93149, 0, 14.1029) (1, 1, 1) (0, 0)
(-9.90114, 0, 13.9574) (1, 1, 1) (0, 0)
(-9.87079, 0, 13.8124) (1, 1, 1) (0, 0)
(-9.84044, 0, 13.6678) (1, 1, 1) (0, 0)
(-9.81009, 0, 13.5237) (1, 1, 1) (0, 0)
(-9.77974, 0, 13.3801) (1, 1, 1) (0, 0)
(-9.74939, 0, 13.2369) (1, 1, 1) (0, 0)
(-9.71904, 0, 13.0942) (1, 1, 1) (0, 0)
(-9.68869, 0, 12.9519) (1, 1, 1) (0, 0)
(-9.65834, 0, 12.8101) (1, 1, 1) (0, 0)
(-9.62799, 0, 12.6688) (1, 1, 1) (0, 0)
(-9.59764, 0, 12.5279) (1, 1, 1) (0, 0)
(-9.5673, 0, 12.3875) (1, 1, 1) (0, 0)
(-9.53695, 0, 12.2476) (1, 1, 1) (0, 0)
(-9.5066, 0, 12.1081) (1, 1, 1) (0, 0)
(-9.47625, 0, 11.9691) (1, 1, 1) (0, 0)
(-9.4459, 0, 11.8305) (1, 1, 1) (0, 0)
(-9.41555, 0, 11.6924) (1, 1, 1) (0, 0)
(-9.3852, 0, 11.5548) (1, 1, 1) (0, 0)
(-9.35485, 0, 11.4176) (1, 1, 1) (0, 0)
(-9.3245, 0, 11.2809) (1, 1, 1) (0, 0)
(-9.29415, 0, 11.1446) (1, 1, 1) (0, 0)
(-9.2638, 0, 11.0088) (1, 1, 1) (0, 0)
(-9.23345, 0, 10.8735) (1, 1, 1) (0, 0)
(-9.2031, 0, 10.7386) (1, 1, 1) (0, 0)
(-9.17275, 0, 10.6042) (1, 1, 1) (0, 0)
(-9.1424, 0, 10.4702) (1, 1, 1) (0, 0)
(-9.11205, 0, 10.3368) (1, 1, 1) (0, 0)
(-9.0817, 0, 10.2037) (1, 1, 1) (0, 0)
(-9.05135, 0, 10.0712) (1, 1, 1) (0, 0)
(-9.021, 0, 9.93905) (1, 1, 1) (0, 0)
(-8.99065, 0, 9.80741) (1, 1, 1) (0, 0)
(-8.96031, 0, 9.67622) (1, 1, 1) (0, 0)
(-8.92996, 0, 9.5455) (1, 1, 1) (0, 0)
(-8.89961, 0, 9.41524) (1, 1, 1) (0, 0)
(-8.86926, 0, 9.28544) (1, 1, 1) (0, 0)
(-8.83891, 0, 9.15611) (1, 1, 1) (0, 0)
(-8.80856, 0, 9.02723) (1, 1, 1) (0, 0)
(-8.77821, 0, 8.89881) (1, 1, 1) (0, 0)
(-8.74786, 0, 8.77086) (1, 1, 1) (0, 0)
(-8.71751, 0, 8.64337) (1, 1, 1) (0, 0)
(-8.68716, 0, 8.51634) (1, 1, 1) (0, 0)
(-8.65681, 0, 8.38977) (1, 1, 1) (0, 0)
(-8.62646, 0, 8.26366) (1, 1, 1) (0, 0)
(-8.59611, 0, 8.13801) (1, 1, 1) (0, 0)
(-8.56576, 0, 8.01282) (1, 1, 1) (0, 0)
(-8.53541, 0, 7.8881) (1, 1, 1) (0, 0)
(-8.50506, 0, 7.76384) (1, 1, 1) (0, 0)
(-8.47471, 0, 7.64003) (1, 1, 1) (0, 0)
(-8.44436, 0, 7.51669) (1, 1, 1) (0, 0)
(-8.41402, 0, 7.39381) (1, 1, 1) (0, 0)
(-8.38367, 0, 7.27139) (1, 1, 1) (0, 0)
(-8.35332, 0, 7.14944) (1, 1, 1) (0, 0)
(-8.32297, 0, 7.02794) (1, 1, 1) (0, 0)
(-8.29262, 0, 6.90691) (1, 1, 1) (0, 0)
(-8.26227, 0, 6.78633) (1, 1, 1) (0, 0)
(-8.23192, 0, 6.66623) (1, 1, 1) (0, 0)
(-8.20157, 0, 6.54657) (1, 1, 1) (0, 0)
(-8.17122, 0, 6.42738) (1, 1, 1) (0, 0)
(-8.14087, 0, 6.30865) (1, 1, 1) (0, 0)
(-8.11052, 0, 6.19039) (1, 1, 1) (0, 0)
(-8.08017, 0, 6.07258) (1, 1, 1) (0, 0)
(-8.04982, 0, 5.95524) (1, 1, 1) (0, 0)
(-8.01947, 0, 5.83836) (1, 1, 1) (0, 0)
(-7.98912, 0, 5.72194) (1, 1, 1) (0, 0)
(-7.95877, 0, 5.60598) (1, 1, 1) (0, 0)
(-7.92842, 0, 5.49048) (1, 1, 1) (0, 0)
(-7.89808, 0, 5.37544) (1, 1, 1) (0, 0)
(-7.86773, 0, 5.26086) (1, 1, 1) (0, 0)
(-7.83738, 0, 5.14675) (1, 1, 1) (0, 0)
(-7.80703, 0, 5.0331) (1, 1, 1) (0, 0)
(-7.77668, 0, 4.9199) (1, 1, 1) (0, 0)
(-7.74633, 0, 4.80717) (1, 1, 1) (0, 0)
(-7.71598, 0, 4.6949) (1, 1, 1) (0, 0)
(-7.68563, 0, 4.58309) (1, 1, 1) (0, 0)
(-7.65528, 0, 4.47175) (1, 1, 1) (0, 0)
(-7.62493, 0, 4.36086) (1, 1, 1) (0, 0)
(-7.59458, 0, 4.25044) (1, 1, 1) (0, 0)
(-7.56423, 0, 4.14047) (1, 1, 1) (0, 0)
(-7.53388, 0, 4.03097) (1, 1, 1) (0, 0)
(-7.50353, 0, 3.92193) (1, 1, 1) (0, 0)
(-7.47318, 0, 3.81335) (1, 1, 1) (0, 0)
(-7.44283, 0, 3.70523) (1, 1, 1) (0, 0)
(-7.41248, 0, 3.59758) (1, 1, 1) (0, 0)
(-7.38213, 0, 3.49038) (1, 1, 1) (0, 0)
(-7.35178, 0, 3.38365) (1, 1, 1) (0, 0)
(-7.32143, 0, 3.27737) (1, 1, 1) (0, 0)
(-7.29109, 0, 3.17157) (1, 1, 1) (0, 0)
(-7.26074, 0, 3.06621) (1, 1, 1) (0, 0)
(-7.23039, 0, 2.96132) (1, 1, 1) (0, 0)
(-7.20004, 0, 2.8569) (1, 1, 1) (0, 0)
(-7.16969, 0, 2.75293) (1, 1, 1) (0, 0)
(-7.13934, 0, 2.64943) (1, 1, 1) (0, 0)
(-7.10899, 0, 2.54638) (1, 1, 1) (0, 0)
(-7.07864, 0, 2.4438) (1, 1, 1) (0, 0)
(-7.04829, 0, 2.34168) (1, 1, 1) (0, 0)
(-7.01794, 0, 2.24002) (1, 1, 1) (0, 0)
(-6.98759, 0, 2.13882) (1, 1, 1) (0, 0)
(-6.95724, 0, 2.03808) (1, 1, 1) (0, 0)
(-6.92689, 0, 1.93781) (1, 1, 1) (0, 0)
(-6.89654, 0, 1.838) (1, 1, 1) (0, 0)
(-6.86619, 0, 1.73864) (1, 1, 1) (0, 0)
(-6.83584, 0, 1.63975) (1, 1, 1) (0, 0)
(-6.80549, 0, 1.54132) (1, 1, 1) (0, 0)
(-6.77515, 0, 1.44335) (1, 1, 1) (0, 0)
(-6.7448, 0, 1.34584) (1, 1, 1) (0, 0)
(-6.71445, 0, 1.24879) (1, 1, 1) (0, 0)
(-6.6841, 0, 1.15221) (1, 1, 1) (0, 0)
(-6.65375, 0, 1.05609) (1, 1, 1) (0, 0)
(-6.6234, 0, 0.960422) (1, 1, 1) (0, 0)
(-6.59305, 0, 0.865223) (1, 1, 1) (0, 0)
(-6.5627, 0, 0.770481) (1, 1, 1) (0, 0)
(-6.53235, 0, 0.676201) (1, 1, 1) (0, 0)
(-6.502, 0, 0.582382) (1, 1, 1) (0, 0)
(-6.47165, 0, 0.489029) (1, 1, 1) (0, 0)
(-6.4413, 0, 0.396133) (1, 1, 1) (0, 0)
(-6.41095, 0, 0.303698) (1, 1, 1) (0, 0)
(-6.3806, 0, 0.211728) (1, 1, 1) (0, 0)
(-6.35025, 0, 0.120215) (1, 1, 1) (0, 0)
(-6.3199, 0, 0.0291653) (1, 1, 1) (0, 0)
(-6.28955, 0, -0.0614204) (1, 1, 1) (0, 0)
(-6.2592, 0, -0.151549) (1, 1, 1) (0, 0)
(-6.22886, 0, -0.241216) (1, 1, 1) (0, 0)
(-6.19851, 0, -0.330421) (1, 1, 1) (0, 0)
(-6.16816, 0, -0.419162) (1, 1, 1) (0, 0)
(-6.13781, 0, -0.507445) (1, 1, 1) (0, 0)
(-6.10746, 0, -0.595267) (1, 1, 1) (0, 0)
(-6.07711, 0, -0.682624) (1, 1, 1) (0, 0)
(-6.04676, 0, -0.769524) (1, 1, 1) (0, 0)
(-6.01641, 0, -0.855961) (1, 1, 1) (0, 0)
(-5.98606, 0, -0.941934) (1, 1, 1) (0, 0)
(-5.95571, 0, -1.02745) (1, 1, 1) (0, 0)
(-5.92536, 0, -1.1125) (1, 1, 1) (0, 0)
(-5.89501, 0, -1.19709) (1, 1, 1) (0, 0)
(-5.86466, 0, -1.28122) (1, 1, 1) (0, 0)
(-5.83431, 0, -1.36489) (1, 1, 1) (0, 0)
(-5.80396, 0, -1.4481) (1, 1, 1) (0, 0)
(-5.77361, 0, -1.53085) (1, 1, 1) (0, 0)
(-5.74326, 0, -1.61313) (1, 1, 1) (0, 0)
(-5.71291, 0, -1.69496) (1, 1, 1) (0, 0)
(-5.68256, 0, -1.77632) (1, 1, 1) (0, 0)
(-5.65222, 0, -1.85722) (1, 1, 1) (0, 0)
(-5.62187, 0, -1.93766) (1, 1, 1) (0, 0)
(-5.59152, 0, -2.01764) (1, 1, 1) (0, 0)
(-5.56117, 0, -2.09715) (1, 1, 1) (0, 0)
(-5.53082, 0, -2.17621) (1, 1, 1) (0, 0)
(-5.50047, 0, -2.25481) (1, 1, 1) (0, 0)
(-5.47012, 0, -2.33294) (1, 1, 1) (0, 0)
(-5.43977, 0, -2.41061) (1, 1, 1) (0, 0)
(-5.40942, 0, -2.48782) (1, 1, 1) (0, 0)
(-5.37907, 0, -2.56457) (1, 1, 1) (0, 0)
(-5.34872, 0, -2.64086) (1, 1, 1) (0, 0)
(-5.31837, 0, -2.71669) (1, 1, 1) (0, 0)
(-5.28802, 0, -2.79205) (1, 1, 1) (0, 0)
(-5.25767, 0, -2.86696) (1, 1, 1) (0, 0)
(-5.22732, 0, -2.9414) (1, 1, 1) (0, 0)
(-5.19697, 0, -3.01538) (1, 1, 1) (0, 0)
(-5.16663, 0, -3.0889) (1, 1, 1) (0, 0)
(-5.13628, 0, -3.16196) (1, 1, 1) (0, 0)
(-5.10593, 0, -3.23456) (1, 1, 1) (0, 0)
(-5.07558, 0, -3.3067) (1, 1, 1) (0, 0)
(-5.04523, 0, -3.37837) (1, 1, 1) (0, 0)
(-5.01488, 0, -3.44958) (1, 1, 1) (0, 0)
(-4.98453, 0, -3.52034) (1, 1, 1) (0, 0)
(-4.95418, 0, -3.59063) (1, 1, 1) (0, 0)
(-4.92383, 0, -3.66046) (1, 1, 1) (0, 0)
(-4.89348, 0, -3.72983) (1, 1, 1) (0, 0)
(-4.86313, 0, -3.79873) (1, 1, 1) (0, 0)
(-4.83278, 0, -3.86718) (1, 1, 1) (0, 0)
(-4.80243, 0, -3.93516) (1, 1, 1) (0, 0)
(-4.77208, 0, -4.00269) (1, 1, 1) (0, 0)
(-4.74173, 0, -4.06975) (1, 1, 1) (0, 0)
(-4.71138, 0, -4.13635) (1, 1, 1) (0, 0)
(-4.68103, 0, -4.20249) (1, 1, 1) (0, 0)
(-4.65068, 0, -4.26817) (1, 1, 1) (0, 0)
(-4.62033, 0, -4.33338) (1, 1, 1) (0, 0)
(-4.58998, 0, -4.39814) (1, 1, 1) (0, 0)
(-4.55964, 0, -4.46244) (1, 1, 1) (0, 0)
(-4.52929, 0, -4.52627) (1, 1, 1) (0, 0)
(-4.49894, 0, -4.58964) (1, 1, 1) (0, 0)
(-4.46859, 0, -4.65255) (1, 1, 1) (0, 0)
(-4.43824, 0, -4.715) (1, 1, 1) (0, 0)
(-4.40789, 0, -4.77699) (1, 1, 1) (0, 0)
(-4.37754, 0, -4.83851) (1, 1, 1) (0, 0)
(-4.34719, 0, -4.89958) (1, 1, 1) (0, 0)
(-4.31684, 0, -4.96018) (1, 1, 1) (0, 0)
(-4.28649, 0, -5.02033) (1, 1, 1) (0, 0)
(-4.25614, 0, -5.08001) (1, 1, 1) (0, 0)
(-4.22579, 0, -5.13923) (1, 1, 1) (0, 0)
(-4.19544, 0, -5.19799) (1, 1, 1) (0, 0)
(-4.16509, 0, -5.25628) (1, 1, 1) (0, 0)
(-4.13474, 0, -5.31412) (1, 1, 1) (0, 0)
(-4.10439, 0, -5.37149) (1, 1, 1) (0, 0)
(-4.07404, 0, -5.42841) (1, 1, 1) (0, 0)
(-4.0437, 0, -5.48486) (1, 1, 1) (0, 0)
(-4.01335, 0, -5.54085) (1, 1, 1) (0, 0)
(-3.983, 0, -5.59638) (1, 1, 1) (0, 0)
(-3.95265, 0, -5.65145) (1, 1, 1) (0, 0)
(-3.9223, 0, -5.70605) (1, 1, 1) (0, 0)
(-3.89195, 0, -5.7602) (1, 1, 1) (0, 0)
(-3.8616, 0, -5.81389) (1, 1, 1) (0, 0)
(-3.83125, 0, -5.86711) (1, 1, 1) (0, 0)
(-3.8009, 0, -5.91987) (1, 1, 1) (0, 0)
(-3.77055, 0, -5.97217) (1, 1, 1) (0, 0)
(-3.7402, 0, -6.02401) (1, 1, 1) (0, 0)
(-3.70985, 0, -6.07539) (1, 1, 1) (0, 0)
(-3.6795, 0, -6.1263) (1, 1, 1) (0, 0)
(-3.64915, 0, -6.17676) (1, 1, 1) (0, 0)
(-3.6188, 0, -6.22675) (1, 1, 1) (0, 0)
(-3.58845, 0, -6.27629) (1, 1, 1) (0, 0)
(-3.5581, 0, -6.32536) (1, 1, 1) (0, 0)
(-3.52775, 0, -6.37397) (1, 1, 1) (0, 0)
(-3.49741, 0, -6.42212) (1, 1, 1) (0, 0)
(-3.46706, 0, -6.4698) (1, 1, 1) (0, 0)
(-3.43671, 0, -6.51703) (1, 1, 1) (0, 0)
(-3.40636, 0, -6.56379) (1, 1, 1) (0, 0)
(-3.37601, 0, -6.6101) (1, 1, 1) (0, 0)
(-3.34566, 0, -6.65594) (1, 1, 1) (0, 0)
(-3.31531, 0, -6.70132) (1, 1, 1) (0, 0)
(-3.28496, 0, -6.74624) (1, 1, 1) (0, 0)
(-3.25461, 0, -6.7907) (1, 1, 1) (0, 0)
(-3.22426, 0, -6.8347) (1, 1, 1) (0, 0)
(-3.19391, 0, -6.87823) (1, 1, 1) (0, 0)
(-3.16356, 0, -6.92131) (1, 1, 1) (0, 0)
(-3.13321, 0, -6.96392) (1, 1, 1) (0, 0)
(-3.10286, 0, -7.00607) (1, 1, 1) (0, 0)
(-3.07251, 0, -7.04776) (1, 1, 1) (0, 0)
(-3.04216, 0, -7.08899) (1, 1, 1) (0, 0)
(-3.01181, 0, -7.12976) (1, 1, 1) (0, 0)
(-2.98146, 0, -7.17007) (1, 1, 1) (0, 0)
(-2.95111, 0, -7.20991) (1, 1, 1) (0, 0)
(-2.92076, 0, -7.2493) (1, 1, 1) (0, 0)
(-2.89042, 0, -7.28822) (1, 1, 1) (0, 0)
(-2.86007, 0, -7.32668) (1, 1, 1) (0, 0)
(-2.82972, 0, -7.36468) (1, 1, 1) (0, 0)
(-2.79937, 0, -7.40222) (1, 1, 1) (0, 0)
(-2.76902, 0, -7.4393) (1, 1, 1) (0, 0)
(-2.73867, 0, -7.47591) (1, 1, 1) (0, 0)
(-2.70832, 0, -7.51207) (1, 1, 1) (0, 0)
(-2.67797, 0, -7.54776) (1, 1, 1) (0, 0)
(-2.64762, 0, -7.58299) (1, 1, 1) (0, 0)
(-2.61727, 0, -7.61777) (1, 1, 1) (0, 0)
(-2.58692, 0, -7.65207) (1, 1, 1) (0, 0)
(-2.55657, 0, -7.68592) (1, 1, 1) (0, 0)
(-2.52622, 0, -7.71931) (1, 1, 1) (0, 0)
(-2.49587, 0, -7.75224) (1, 1, 1) (0, 0)
(-2.46552, 0, -7.7847) (1, 1, 1) (0, 0)
(-2.43517, 0, -7.8167) (1, 1, 1) (0, 0)
(-2.40483, 0, -7.84825) (1, 1, 1) (0, 0)
(-2.37448, 0, -7.87933) (1, 1, 1) (0, 0)
(-2.34413, 0, -7.90995) (1, 1, 1) (0, 0)
(-2.31378, 0, -7.9401) (1, 1, 1) (0, 0)
(-2.28343, 0, -7.9698) (1, 1, 1) (0, 0)
(-2.25308, 0, -7.99904) (1, 1, 1) (0, 0)
(-2.22273, 0, -8.02781) (1, 1, 1) (0, 0)
(-2.19238, 0, -8.05612) (1, 1, 1) (0, 0)
(-2.16203, 0, -8.08397) (1, 1, 1) (0, 0)
(-2.13168, 0, -8.11137) (1, 1, 1) (0, 0)
(-2.10133, 0, -8.13829) (1, 1, 1) (0, 0)
(-2.07098, 0, -8.16476) (1, 1, 1) (0, 0)
(-2.04063, 0, -8.19077) (1, 1, 1) (0, 0)
(-2.01028, 0, -8.21631) (1, 1, 1) (0, 0)
(-1.97993, 0, -8.2414) (1, 1, 1) (0, 0)
(-1.94958, 0, -8.26602) (1, 1, 1) (0, 0)
(-1.91923, 0, -8.29018) (1, 1, 1) (0, 0)
(-1.88888, 0, -8.31388) (1, 1, 1) (0, 0)
(-1.85853, 0, -8.33712) (1, 1, 1) (0, 0)
(-1.82819, 0, -8.3599) (1, 1, 1) (0, 0)
(-1.79784, 0, -8.38221) (1, 1, 1) (0, 0)
(-1.76749, 0, -8.40407) (1, 1, 1) (0, 0)
(-1.73714, 0, -8.42546) (1, 1, 1) (0, 0)
(-1.70679, 0, -8.44639) (1, 1, 1) (0, 0)
(-1.67644, 0, -8.46686) (1, 1, 1) (0, 0)
(-1.64609, 0, -8.48687) (1, 1, 1) (0, 0)
(-1.61574, 0, -8.50642) (1, 1, 1) (0, 0)
(-1.58539, 0, -8.52551) (1, 1, 1) (0, 0)
(-1.55504, 0, -8.54413) (1, 1, 1) (0, 0)
(-1.52469, 0, -8.5623) (1, 1, 1) (0, 0)
(-1.49434, 0, -8.58) (1, 1, 1) (0, 0)
(-1.46399, 0, -8.59724) (1, 1, 1) (0, 0)
(-1.43364, 0, -8.61402) (1, 1, 1) (0, 0)
(-1.40329, 0, -8.63034) (1, 1, 1) (0, 0)
(-1.37294, 0, -8.6462) (1, 1, 1) (0, 0)
(-1.34259, 0, -8.66159) (1, 1, 1) (0, 0)
(-1.31224, 0, -8.67653) (1, 1, 1) (0, 0)
(-1.28189, 0, -8.691) (1, 1, 1) (0, 0)
(-1.25154, 0, -8.70502) (1, 1, 1) (0, 0)
(-1.2212, 0, -8.71857) (1, 1, 1) (0, 0)
(-1.19085, 0, -8.73166) (1, 1, 1) (0, 0)
(-1.1605, 0, -8.74429) (1, 1, 1) (0, 0)
(-1.13015, 0, -8.75645) (1, 1, 1) (0, 0)
(-1.0998, 0, -8.76816) (1, 1, 1) (0, 0)
(-1.06945, 0, -8.7794) (1, 1, 1) (0, 0)
(-1.0391, 0, -8.79019) (1, 1, 1) (0, 0)
(-1.00875, 0, -8.80051) (1, 1, 1) (0, 0)
(-0.978401, 0, -8.81037) (1, 1, 1) (0, 0)
(-0.948051, 0, -8.81977) (1, 1, 1) (0, 0)
(-0.917702, 0, -8.82871) (1, 1, 1) (0, 0)
(-0.887352, 0, -8.83718) (1, 1, 1) (0, 0)
(-0.857002, 0, -8.8452) (1, 1, 1) (0, 0)
(-0.826653, 0, -8.85275) (1, 1, 1) (0, 0)
(-0.796305, 0, -8.85985) (1, 1, 1) (0, 0)
(-0.765955, 0, -8.86648) (1, 1, 1) (0, 0)
(-0.735605, 0, -8.87265) (1, 1, 1) (0, 0)
(-0.705256, 0, -8.87836) (1, 1, 1) (0, 0)
(-0.674906, 0, -8.88361) (1, 1, 1) (0, 0)
(-0.644556, 0, -8.88839) (1, 1, 1) (0, 0)
(-0.614208, 0, -8.89272) (1, 1, 1) (0, 0)
(-0.583858, 0, -8.89658) (1, 1, 1) (0, 0)
(-0.553509, 0, -8.89998) (1, 1, 1) (0, 0)
(-0.523159, 0, -8.90293) (1, 1, 1) (0, 0)
(-0.492809, 0, -8.90541) (1, 1, 1) (0, 0)
(-0.46246, 0, -8.90742) (1, 1, 1) (0, 0)
(-0.43211, 0, -8.90898) (1, 1, 1) (0, 0)
(-0.401762, 0, -8.91008) (1, 1, 1) (0, 0)
(-0.371412, 0, -8.91071) (1, 1, 1) (0, 0)
(-0.341063, 0, -8.91089) (1, 1, 1) (0, 0)
(-0.310713, 0, -8.9106) (1, 1, 1) (0, 0)
(-0.280363, 0, -8.90985) (1, 1, 1) (0, 0)
(-0.250013, 0, -8.90864) (1, 1, 1) (0, 0)
(-0.219664, 0, -8.90697) (1, 1, 1) (0, 0)
(-0.189316, 0, -8.90483) (1, 1, 1) (0, 0)
(-0.158966, 0, -8.90224) (1, 1, 1) (0, 0)
(-0.128616, 0, -8.89918) (1, 1, 1) (0, 0)
(-0.0982666, 0, -8.89567) (1, 1, 1) (0, 0)
(-0.0679169, 0, -8.89169) (1, 1, 1) (0, 0)
(-0.0375671, 0, -8.88725) (1, 1, 1) (0, 0)
(-0.00721931, 0, -8.88235) (1, 1, 1) (0, 0)
(0.0231304, 0, -8.87699) (1, 1, 1) (0, 0)
(0.0534801, 0, -8.87116) (1, 1, 1) (0, 0)
(0.0838299, 0, -8.86488) (1, 1, 1) (0, 0)
(0.11418, 0, -8.85813) (1, 1, 1) (0, 0)
(0.144529, 0, -8.85092) (1, 1, 1) (0, 0)
(0.174879, 0, -8.84326) (1, 1, 1) (0, 0)
(0.205227, 0, -8.83513) (1, 1, 1) (0, 0)
(0.235577, 0, -8.82654) (1, 1, 1) (0, 0)
(0.265926, 0, -8.81748) (1, 1, 1) (0, 0)
(0.296276, 0, -8.80797) (1, 1, 1) (0, 0)
(0.326626, 0, -8.79799) (1, 1, 1) (0, 0)
(0.356976, 0, -8.78756) (1, 1, 1) (0, 0)
(0.387325, 0, -8.77666) (1, 1, 1) (0, 0)
(0.417673, 0, -8.7653) (1, 1, 1) (0, 0)
(0.448023, 0, -8.75348) (1, 1, 1) (0, 0)
(0.478373, 0, -8.7412) (1, 1, 1) (0, 0)
(0.508722, 0, -8.72845) (1, 1, 1) (0, 0)
(0.539072, 0, -8.71525) (1, 1, 1) (0, 0)
(0.569422, 0, -8.70159) (1, 1, 1) (0, 0)
(0.599771, 0, -8.68746) (1, 1, 1) (0, 0)
(0.630119, 0, -8.67287) (1, 1, 1) (0, 0)
(0.660469, 0, -8.65782) (1, 1, 1) (0, 0)
(0.690819, 0, -8.64231) (1, 1, 1) (0, 0)
(0.721169, 0, -8.62634) (1, 1, 1) (0, 0)
(0.751518, 0, -8.6099) (1, 1, 1) (0, 0)
(0.781868, 0, -8.59301) (1, 1, 1) (0, 0)
(0.812216, 0, -8.57565) (1, 1, 1) (0, 0)
(0.842566, 0, -8.55784) (1, 1, 1) (0, 0)
(0.872915, 0, -8.53956) (1, 1, 1) (0, 0)
(0.903265, 0, -8.52082) (1, 1, 1) (0, 0)
(0.933615, 0, -8.50162) (1, 1, 1) (0, 0)
(0.963964, 0, -8.48195) (1, 1, 1) (0, 0)
(0.994314, 0, -8.46183) (1, 1, 1) (0, 0)
(1.02466, 0, -8.44125) (1, 1, 1) (0, 0)
(1.05501, 0, -8.4202) (1, 1, 1) (0, 0)
(1.08536, 0, -8.39869) (1, 1, 1) (0, 0)
(1.11571, 0, -8.37672) (1, 1, 1) (0, 0)
(1.14606, 0, -8.35429) (1, 1, 1) (0, 0)
(1.17641, 0, -8.3314) (1, 1, 1) (0, 0)
(1.20676, 0, -8.30805) (1, 1, 1) (0, 0)
(1.23711, 0, -8.28423) (1, 1, 1) (0, 0)
(1.26746, 0, -8.25996) (1, 1, 1) (0, 0)
(1.29781, 0, -8.23522) (1, 1, 1) (0, 0)
(1.32816, 0, -8.21002) (1, 1, 1) (0, 0)
(1.35851, 0, -8.18436) (1, 1, 1) (0, 0)
(1.38886, 0, -8.15824) (1, 1, 1) (0, 0)
(1.41921, 0, -8.13166) (1, 1, 1) (0, 0)
(1.44955, 0, -8.10462) (1, 1, 1) (0, 0)
(1.4799, 0, -8.07711) (1, 1, 1) (0, 0)
(1.51025, 0, -8.04915) (1, 1, 1) (0, 0)
(1.5406, 0, -8.02072) (1, 1, 1) (0, 0)
(1.57095, 0, -7.99183) (1, 1, 1) (0, 0)
(1.6013, 0, -7.96248) (1, 1, 1) (0, 0)
(1.63165, 0, -7.93267) (1, 1, 1) (0, 0)
(1.662, 0, -7.9024) (1, 1, 1) (0, 0)
(1.69235, 0, -7.87167) (1, 1, 1) (0, 0)
(1.7227, 0, -7.84047) (1, 1, 1) (0, 0)
(1.75305, 0, -7.80881) (1, 1, 1) (0, 0)
(1.7834, 0, -7.7767) (1, 1, 1) (0, 0)
(1.81375, 0, -7.74412) (1, 1, 1) (0, 0)
(1.8441, 0, -7.71108) (1, 1, 1) (0, 0)
(1.87445, 0, -7.67758) (1, 1, 1) (0, 0)
(1.9048, 0, -7.64361) (1, 1, 1) (0, 0)
(1.93515, 0, -7.60919) (1, 1, 1) (0, 0)
(1.9655, 0, -7.5743) (1, 1, 1) (0, 0)
(1.99585, 0, -7.53896) (1, 1, 1) (0, 0)
(2.0262, 0, -7.50315) (1, 1, 1) (0, 0)
(2.05654, 0, -7.46688) (1, 1, 1) (0, 0)
(2.08689, 0, -7.43015) (1, 1, 1) (0, 0)
(2.11724, 0, -7.39296) (1, 1, 1) (0, 0)
(2.14759, 0, -7.3553) (1, 1, 1) (0, 0)
(2.17794, 0, -7.31719) (1, 1, 1) (0, 0)
(2.20829, 0, -7.27861) (1, 1, 1) (0, 0)
(2.23864, 0, -7.23958) (1, 1, 1) (0, 0)
(2.26899, 0, -7.20008) (1, 1, 1) (0, 0)
(2.29934, 0, -7.16012) (1, 1, 1) (0, 0)
(2.32969, 0, -7.1197) (1, 1, 1) (0, 0)
(2.36004, 0, -7.07881) (1, 1, 1) (0, 0)
(2.39039, 0, -7.03747) (1, 1, 1) (0, 0)
(2.42074, 0, -6.99567) (1, 1, 1) (0, 0)
(2.45109, 0, -6.9534) (1, 1, 1) (0, 0)
(2.48144, 0, -6.91067) (1, 1, 1) (0, 0)
(2.51179, 0, -6.86748) (1, 1, 1) (0, 0)
(2.54214, 0, -6.82383) (1, 1, 1) (0, 0)
(2.57248, 0, -6.77972) (1, 1, 1) (0, 0)
(2.60283, 0, -6.73515) (1, 1, 1) (0, 0)
(2.63318, 0, -6.69011) (1, 1, 1) (0, 0)
(2.66353, 0, -6.64462) (1, 1, 1) (0, 0)
(2.69388, 0, -6.59866) (1, 1, 1) (0, 0)
(2.72423, 0, -6.55225) (1, 1, 1) (0, 0)
(2.75458, 0, -6.50537) (1, 1, 1) (0, 0)
(2.78493, 0, -6.45802) (1, 1, 1) (0, 0)
(2.81528, 0, -6.41022) (1, 1, 1) (0, 0)
(2.84563, 0, -6.36196) (1, 1, 1) (0, 0)
(2.87598, 0, -6.31324) (1, 1, 1) (0, 0)
(2.90633, 0, -6.26405) (1, 1, 1) (0, 0)
(2.93668, 0, -6.2144) (1, 1, 1) (0, 0)
(2.96703, 0, -6.16429) (1, 1, 1) (0, 0)
(2.99738, 0, -6.11373) (1, 1, 1) (0, 0)
(3.02773, 0, -6.06269) (1, 1, 1) (0, 0)
(3.05808, 0, -6.0112) (1, 1, 1) (0, 0)
(3.08842, 0, -5.95925) (1, 1, 1) (0, 0)
(3.11877, 0, -5.90683) (1, 1, 1) (0, 0)
(3.14912, 0, -5.85396) (1, 1, 1) (0, 0)
(3.17947, 0, -5.80062) (1, 1, 1) (0, 0)
(3.20982, 0, -5.74682) (1, 1, 1) (0, 0)
(3.24017, 0, -5.69256) (1, 1, 1) (0, 0)
(3.27052, 0, -5.63784) (1, 1, 1) (0, 0)
(3.30087, 0, -5.58266) (1, 1, 1) (0, 0)
(3.33122, 0, -5.52701) (1, 1, 1) (0, 0)
(3.36157, 0, -5.47091) (1, 1, 1) (0, 0)
(3.39192, 0, -5.41434) (1, 1, 1) (0, 0)
(3.42227, 0, -5.35731) (1, 1, 1) (0, 0)
(3.45262, 0, -5.29982) (1, 1, 1) (0, 0)
(3.48297, 0, -5.24188) (1, 1, 1) (0, 0)
(3.51332, 0, -5.18346) (1, 1, 1) (0, 0)
(3.54367, 0, -5.12459) (1, 1, 1) (0, 0)
(3.57402, 0, -5.06525) (1, 1, 1) (0, 0)
(3.60437, 0, -5.00546) (1, 1, 1) (0, 0)
(3.63472, 0, -4.9452) (1, 1, 1) (0, 0)
(3.66507, 0, -4.88448) (1, 1, 1) (0, 0)
(3.69541, 0, -4.82331) (1, 1, 1) (0, 0)
(3.72576, 0, -4.76166) (1, 1, 1) (0, 0)
(3.75611, 0, -4.69956) (1, 1, 1) (0, 0)
(3.78646, 0, -4.637) (1, 1, 1) (0, 0)
(3.81681, 0, -4.57397) (1, 1, 1) (0, 0)
(3.84716, 0, -4.51049) (1, 1, 1) (0, 0)
(3.87751, 0, -4.44654) (1, 1, 1) (0, 0)
(3.90786, 0, -4.38213) (1, 1, 1) (0, 0)
(3.93821, 0, -4.31726) (1, 1, 1) (0, 0)
(3.96856, 0, -4.25193) (1, 1, 1) (0, 0)
(3.99891, 0, -4.18614) (1, 1, 1) (0, 0)
(4.02926, 0, -4.11988) (1, 1, 1) (0, 0)
(4.05961, 0, -4.05317) (1, 1, 1) (0, 0)
(4.08996, 0, -3.98599) (1, 1, 1) (0, 0)
(4.12031, 0, -3.91836) (1, 1, 1) (0, 0)
(4.15066, 0, -3.85026) (1, 1, 1) (0, 0)
(4.18101, 0, -3.78169) (1, 1, 1) (0, 0)
(4.21136, 0, -3.71267) (1, 1, 1) (0, 0)
(4.2417, 0, -3.64319) (1, 1, 1) (0, 0)
(4.27205, 0, -3.57324) (1, 1, 1) (0, 0)
(4.3024, 0, -3.50284) (1, 1, 1) (0, 0)
(4.33275, 0, -3.43197) (1, 1, 1) (0, 0)
(4.3631, 0, -3.36065) (1, 1, 1) (0, 0)
(4.39345, 0, -3.28886) (1, 1, 1) (0, 0)
(4.4238, 0, -3.2166) (1, 1, 1) (0, 0)
(4.45415, 0, -3.14389) (1, 1, 1) (0, 0)
(4.4845, 0, -3.07072) (1, 1, 1) (0, 0)
(4.51485, 0, -2.99709) (1, 1, 1) (0, 0)
(4.5452, 0, -2.92299) (1, 1, 1) (0, 0)
(4.57555, 0, -2.84843) (1, 1, 1) (0, 0)
(4.6059, 0, -2.77341) (1, 1, 1) (0, 0)
(4.63625, 0, -2.69793) (1, 1, 1) (0, 0)
(4.6666, 0, -2.62199) (1, 1, 1) (0, 0)
(4.69695, 0, -2.54559) (1, 1, 1) (0, 0)
(4.72729, 0, -2.46873) (1, 1, 1) (0, 0)
(4.75764, 0, -2.3914) (1, 1, 1) (0, 0)
(4.78799, 0, -2.31361) (1, 1, 1) (0, 0)
(4.81834, 0, -2.23536) (1, 1, 1) (0, 0)
(4.84869, 0, -2.15665) (1, 1, 1) (0, 0)
(4.87904, 0, -2.07748) (1, 1, 1) (0, 0)
(4.90939, 0, -1.99786) (1, 1, 1) (0, 0)
(4.93974, 0, -1.91776) (1, 1, 1) (0, 0)
(4.97009, 0, -1.83721) (1, 1, 1) (0, 0)
(5.00044, 0, -1.75619) (1, 1, 1) (0, 0)
(5.03079, 0, -1.67472) (1, 1, 1) (0, 0)
(5.06114, 0, -1.59278) (1, 1, 1) (0, 0)
(5.09149, 0, -1.51038) (1, 1, 1) (0, 0)
(5.12184, 0, -1.42752) (1, 1, 1) (0, 0)
(5.15219, 0, -1.3442) (1, 1, 1) (0, 0)
(5.18254, 0, -1.26041) (1, 1, 1) (0, 0)
(5.21289, 0, -1.17617) (1, 1, 1) (0, 0)
(5.24324, 0, -1.09146) (1, 1, 1) (0, 0)
(5.27359, 0, -1.00629) (1, 1, 1) (0, 0)
(5.30394, 0, -0.920663) (1, 1, 1) (0, 0)
(5.33428, 0, -0.834578) (1, 1, 1) (0, 0)
(5.36463, 0, -0.748026) (1, 1, 1) (0, 0)
(5.39498, 0, -0.661013) (1, 1, 1) (0, 0)
(5.42533, 0, -0.573538) (1, 1, 1) (0, 0)
(5.45568, 0, -0.485602) (1, 1, 1) (0, 0)
(5.48603, 0, -0.397205) (1, 1, 1) (0, 0)
(5.51638, 0, -0.308352) (1, 1, 1) (0, 0)
(5.54673, 0, -0.219032) (1, 1, 1) (0, 0)
(5.57708, 0, -0.129251) (1, 1, 1) (0, 0)
(5.60743, 0, -0.0390086) (1, 1, 1) (0, 0)
(5.63778, 0, 0.0516949) (1, 1, 1) (0, 0)
(5.66813, 0, 0.142859) (1, 1, 1) (0, 0)
(5.69848, 0, 0.234487) (1, 1, 1) (0, 0)
(5.72883, 0, 0.326568) (1, 1, 1) (0, 0)
(5.75918, 0, 0.419116) (1, 1, 1) (0, 0)
(5.78953, 0, 0.512127) (1, 1, 1) (0, 0)
(5.81988, 0, 0.605598) (1, 1, 1) (0, 0)
(5.85023, 0, 0.699532) (1, 1, 1) (0, 0)
(5.88058, 0, 0.793926) (1, 1, 1) (0, 0)
(5.91092, 0, 0.888781) (1, 1, 1) (0, 0)
(5.94127, 0, 0.984092) (1, 1, 1) (0, 0)
(5.97162, 0, 1.07987) (1, 1, 1) (0, 0)
(6.00197, 0, 1.17611) (1, 1, 1) (0, 0)
(6.03232, 0, 1.27281) (1, 1, 1) (0, 0)
(6.06267, 0, 1.36997) (1, 1, 1) (0, 0)
(6.09302, 0, 1.46759) (1, 1, 1) (0, 0)
(6.12337, 0, 1.56568) (1, 1, 1) (0, 0)
(6.15372, 0, 1.66422) (1, 1, 1) (0, 0)
(6.18407, 0, 1.76323) (1, 1, 1) (0, 0)
(6.21442, 0, 1.86269) (1, 1, 1) (0, 0)
(6.24477, 0, 1.96262) (1, 1, 1) (0, 0)
(6.27512, 0, 2.06302) (1, 1, 1) (0, 0)
(6.30547, 0, 2.16387) (1, 1, 1) (0, 0)
(6.33582, 0, 2.26518) (1, 1, 1) (0, 0)
(6.36617, 0, 2.36695) (1, 1, 1) (0, 0)
(6.39651, 0, 2.46919) (1, 1, 1) (0, 0)
(6.42686, 0, 2.57188) (1, 1, 1) (0, 0)
(6.45721, 0, 2.67504) (1, 1, 1) (0, 0)
(6.48756, 0, 2.77866) (1, 1, 1) (0, 0)
(6.51791, 0, 2.88274) (1, 1, 1) (0, 0)
(6.54826, 0, 2.98728) (1, 1, 1) (0, 0)
(6.57861, 0, 3.09229) (1, 1, 1) (0, 0)
(6.60896, 0, 3.19775) (1, 1, 1) (0, 0)
(6.63931, 0, 3.30368) (1, 1, 1) (0, 0)
(6.66966, 0, 3.41007) (1, 1, 1) (0, 0)
(6.70001, 0, 3.51691) (1, 1, 1) (0, 0)
(6.73036, 0, 3.62423) (1, 1, 1) (0, 0)
(6.76071, 0, 3.73199) (1, 1, 1) (0, 0)
(6.79106, 0, 3.84022) (1, 1, 1) (0, 0)
(6.82141, 0, 3.94892) (1, 1, 1) (0, 0)
(6.85176, 0, 4.05807) (1, 1, 1) (0, 0)
(6.88211, 0, 4.16769) (1, 1, 1) (0, 0)
(6.91246, 0, 4.27777) (1, 1, 1) (0, 0)
(6.94281, 0, 4.38831) (1, 1, 1) (0, 0)
(6.97315, 0, 4.4993) (1, 1, 1) (0, 0)
(7.0035, 0, 4.61077) (1, 1, 1) (0, 0)
(7.03385, 0, 4.72269) (1, 1, 1) (0, 0)
(7.0642, 0, 4.83508) (1, 1, 1) (0, 0)
(7.09455, 0, 4.94792) (1, 1, 1) (0, 0)
(7.1249, 0, 5.06123) (1, 1, 1) (0, 0)
(7.15525, 0, 5.17499) (1, 1, 1) (0, 0)
(7.1856, 0, 5.28922) (1, 1, 1) (0, 0)
(7.21595, 0, 5.40391) (1, 1, 1) (0, 0)
(7.2463, 0, 5.51907) (1, 1, 1) (0, 0)
(7.27665, 0, 5.63468) (1, 1, 1) (0, 0)
(7.307, 0, 5.75076) (1, 1, 1) (0, 0)
(7.33735, 0, 5.86729) (1, 1, 1) (0, 0)
(7.3677, 0, 5.98428) (1, 1, 1) (0, 0)
(7.39805, 0, 6.10174) (1, 1, 1) (0, 0)
(7.4284, 0, 6.21966) (1, 1, 1) (0, 0)
(7.45875, 0, 6.33805) (1, 1, 1) (0, 0)
(7.4891, 0, 6.45689) (1, 1, 1) (0, 0)
(7.51945, 0, 6.57619) (1, 1, 1) (0, 0)
(7.5498, 0, 6.69596) (1, 1, 1) (0, 0)
(7.58014, 0, 6.81618) (1, 1, 1) (0, 0)
(7.61049, 0, 6.93687) (1, 1, 1) (0, 0)
(7.64084, 0, 7.05802) (1, 1, 1) (0, 0)
(7.67119, 0, 7.17963) (1, 1, 1) (0, 0)
(7.70154, 0, 7.3017) (1, 1, 1) (0, 0)
(7.73189, 0, 7.42423) (1, 1, 1) (0, 0)
(7.76224, 0, 7.54722) (1, 1, 1) (0, 0)
(7.79259, 0, 7.67068) (1, 1, 1) (0, 0)
(7.82294, 0, 7.7946) (1, 1, 1) (0, 0)
(7.85329, 0, 7.91897) (1, 1, 1) (0, 0)
(7.88364, 0, 8.04381) (1, 1, 1) (0, 0)
(7.91399, 0, 8.16912) (1, 1, 1) (0, 0)
(7.94434, 0, 8.29488) (1, 1, 1) (0, 0)
(7.97469, 0, 8.4211) (1, 1, 1) (0, 0)
(8.00504, 0, 8.54778) (1, 1, 1) (0, 0)
(8.03539, 0, 8.67493) (1, 1, 1) (0, 0)
(8.06573, 0, 8.80253) (1, 1, 1) (0, 0)
(8.09608, 0, 8.9306) (1, 1, 1) (0, 0)
(8.12643, 0, 9.05914) (1, 1, 1) (0, 0)
(8.15678, 0, 9.18813) (1, 1, 1) (0, 0)
(8.18713, 0, 9.31757) (1, 1, 1) (0, 0)
(8.21748, 0, 9.44749) (1, 1, 1) (0, 0)
(8.24783, 0, 9.57786) (1, 1, 1) (0, 0)
(8.27818, 0, 9.7087) (1, 1, 1) (0, 0)
(8.30853, 0, 9.84) (1, 1, 1) (0, 0)
(8.33888, 0, 9.97176) (1, 1, 1) (0, 0)
(8.36923, 0, 10.104) (1, 1, 1) (0, 0)
(8.39958, 0, 10.2367) (1, 1, 1) (0, 0)
(8.42993, 0, 10.3698) (1, 1, 1) (0, 0)
(8.46028, 0, 10.5034) (1, 1, 1) (0, 0)
(8.49063, 0, 10.6375) (1, 1, 1) (0, 0)
(8.52098, 0, 10.772) (1, 1, 1) (0, 0)
(8.55133, 0, 10.907) (1, 1, 1) (0, 0)
(8.58167, 0, 11.0424) (1, 1, 1) (0, 0)
(8.61202, 0, 11.1783) (1, 1, 1) (0, 0)
(8.64237, 0, 11.3147) (1, 1, 1) (0, 0)
(8.67272, 0, 11.4515) (1, 1, 1) (0, 0)
(8.70307, 0, 11.5888) (1, 1, 1) (0, 0)
(8.73342, 0, 11.7266) (1, 1, 1) (0, 0)
(8.76377, 0, 11.8648) (1, 1, 1) (0, 0)
(8.79412, 0, 12.0035) (1, 1, 1) (0, 0)
(8.82447, 0, 12.1426) (1, 1, 1) (0, 0)
(8.85482, 0, 12.2822) (1, 1, 1) (0, 0)
(8.88517, 0, 12.4223) (1, 1, 1) (0, 0)
(8.91552, 0, 12.5628) (1, 1, 1) (0, 0)
(8.94587, 0, 12.7038) (1, 1, 1) (0, 0)
(8.97622, 0, 12.8453) (1, 1, 1) (0, 0)
(9.00657, 0, 12.9872) (1, 1, 1) (0, 0)
(9.03692, 0, 13.1295) (1, 1, 1) (0, 0)
(9.06727, 0, 13.2724) (1, 1, 1) (0, 0)
(9.09762, 0, 13.4156) (1, 1, 1) (0, 0)
(9.12797, 0, 13.5594) (1, 1, 1) (0, 0)
(9.15832, 0, 13.7036) (1, 1, 1) (0, 0)
(9.18867, 0, 13.8483) (1, 1, 1) (0, 0)
(9.21901, 0, 13.9934) (1, 1, 1) (0, 0)
(9.24936, 0, 14.139) (1, 1, 1) (0, 0)
(9.27971, 0, 14.2851) (1, 1, 1) (0, 0)
(9.31006, 0, 14.4316) (1, 1, 1) (0, 0)
(9.34041, 0, 14.5786) (1, 1, 1) (0, 0)
(9.37076, 0, 14.726) (1, 1, 1) (0, 0)
(9.40111, 0, 14.8739) (1, 1, 1) (0, 0)
(9.43146, 0, 15.0223) (1, 1, 1) (0, 0)
(9.46181, 0, 15.1711) (1, 1, 1) (0, 0)
(9.49216, 0, 15.3204) (1, 1, 1) (0, 0)
(9.52251, 0, 15.4702) (1, 1, 1) (0, 0)
(9.55286, 0, 15.6204) (1, 1, 1) (0, 0)
(9.58321, 0, 15.771) (1, 1, 1) (0, 0)
(9.61356, 0, 15.9222) (1, 1, 1) (0, 0)
(9.64391, 0, 16.0738) (1, 1, 1) (0, 0)
(9.67426, 0, 16.2258) (1, 1, 1) (0, 0)
(9.70461, 0, 16.3783) (1, 1, 1) (0, 0)
(9.73495, 0, 16.5313) (1, 1, 1) (0, 0)
(9.7653, 0, 16.6848) (1, 1, 1) (0, 0)
(9.79565, 0, 16.8387) (1, 1, 1) (0, 0)
(9.826, 0, 16.993) (1, 1, 1) (0, 0)
(9.85635, 0, 17.1478) (1, 1, 1) (0, 0)
(9.8867, 0, 17.3031) (1, 1, 1) (0, 0)
(9.91705, 0, 17.4589) (1, 1, 1) (0, 0)
(9.9474, 0, 17.6151) (1, 1, 1) (0, 0)
(9.97775, 0, 17.7718) (1, 1, 1) (0, 0)
(10.0081, 0, 17.9289) (1, 1, 1) (0, 0)
(10.0384, 0, 18.0865) (1, 1, 1) (0, 0)
(10.0688, 0, 18.2445) (1, 1, 1) (0, 0)
(10.0991, 0, 18.403) (1, 1, 1) (0, 0)
(10.1295, 0, 18.562) (1, 1, 1) (0, 0)
(10.1598, 0, 18.7215) (1, 1, 1) (0, 0)
(10.1902, 0, 18.8814) (1, 1, 1) (0, 0)
(10.2205, 0, 19.0417) (1, 1, 1) (0, 0)
(10.2509, 0, 19.2025) (1, 1, 1) (0, 0)
(10.2812, 0, 19.3638) (1, 1, 1) (0, 0)
(10.3116, 0, 19.5256) (1, 1, 1) (0, 0)
(10.3419, 0, 19.6878) (1, 1, 1) (0, 0)
(10.3723, 0, 19.8504) (1, 1, 1) (0, 0)
(10.4026, 0, 20.0136) (1, 1, 1) (0, 0)
(10.433, 0, 20.1771) (1, 1, 1) (0, 0)
(10.4633, 0, 20.3412) (1, 1, 1) (0, 0)
(10.4937, 0, 20.5057) (1, 1, 1) (0, 0)
(10.524, 0, 20.6707) (1, 1, 1) (0, 0)
(10.5544, 0, 20.8361) (1, 1, 1) (0, 0)
(10.5847, 0, 21.002) (1, 1, 1) (0, 0)
(10.6151, 0, 21.1684) (1, 1, 1) (0, 0)
(10.6454, 0, 21.3352) (1, 1, 1) (0, 0)
(10.6758, 0, 21.5025) (1, 1, 1) (0, 0)
(10.7061, 0, 21.6702) (1, 1, 1) (0, 0)
(10.7365, 0, 21.8384) (1, 1, 1) (0, 0)
(10.7668, 0, 22.0071) (1, 1, 1) (0, 0)
(10.7972, 0, 22.1762) (1, 1, 1) (0, 0)
(10.8275, 0, 22.3458) (1, 1, 1) (0, 0)
(10.8579, 0, 22.5158) (1, 1, 1) (0, 0)
(10.8882, 0, 22.6863) (1, 1, 1) (0, 0)
(10.9186, 0, 22.8573) (1, 1, 1) (0, 0)
(10.9489, 0, 23.0287) (1, 1, 1) (0, 0)
(10.9793, 0, 23.2006) (1, 1, 1) (0, 0)
(11.0096, 0, 23.373) (1, 1, 1) (0, 0)
(11.04, 0, 23.5458) (1, 1, 1) (0, 0)
(11.0703, 0, 23.7191) (1, 1, 1) (0, 0)
(11.1007, 0, 23.8928) (1, 1, 1) (0, 0)
(11.131, 0, 24.067) (1, 1, 1) (0, 0)
(11.1614, 0, 24.2417) (1, 1, 1) (0, 0)
(11.1917, 0, 24.4168) (1, 1, 1) (0, 0)
(11.2221, 0, 24.5924) (1, 1, 1) (0, 0)
(11.2524, 0, 24.7684) (1, 1, 1) (0, 0)
(11.2828, 0, 24.9449) (1, 1, 1) (0, 0)
(11.3131, 0, 25.1219) (1, 1, 1) (0, 0)
(11.3435, 0, 25.2993) (1, 1, 1) (0, 0)
(11.3738, 0, 25.4772) (1, 1, 1) (0, 0)
(11.4042, 0, 25.6555) (1, 1, 1) (0, 0)
(11.4345, 0, 25.8344) (1, 1, 1) (0, 0)
(11.4649, 0, 26.0136) (1, 1, 1) (0, 0)
(11.4952, 0, 26.1934) (1, 1, 1) (0, 0)
(11.5256, 0, 26.3736) (1, 1, 1) (0, 0)
(11.5559, 0, 26.5542) (1, 1, 1) (0, 0)
(11.5863, 0, 26.7353) (1, 1, 1) (0, 0)
(11.6166, 0, 26.9169) (1, 1, 1) (0, 0)
(11.647, 0, 27.099) (1, 1, 1) (0, 0)
(11.6773, 0, 27.2814) (1, 1, 1) (0, 0)
(11.7077, 0, 27.4644) (1, 1, 1) (0, 0)
(11.738, 0, 27.6478) (1, 1, 1) (0, 0)
(11.7684, 0, 27.8317) (1, 1, 1) (0, 0)
(11.7987, 0, 28.0161) (1, 1, 1) (0, 0)
(11.8291, 0, 28.2009) (1, 1, 1) (0, 0)
(11.8594, 0, 28.3861) (1, 1, 1) (0, 0)
(11.8898, 0, 28.5719) (1, 1, 1) (0, 0)
(11.9201, 0, 28.7581) (1, 1, 1) (0, 0)
(11.9505, 0, 28.9447) (1, 1, 1) (0, 0)
(11.9808, 0, 29.1318) (1, 1, 1) (0, 0)
(12.0112, 0, 29.3194) (1, 1, 1) (0, 0)
(12.0415, 0, 29.5075) (1, 1, 1) (0, 0)
(12.0719, 0, 29.6959) (1, 1, 1) (0, 0)
(12.1022, 0, 29.8849) (1, 1, 1) (0, 0)
(12.1326, 0, 30.0743) (1, 1, 1) (0, 0)
(12.1629, 0, 30.2642) (1, 1, 1) (0, 0)
(12.1933, 0, 30.4546) (1, 1, 1) (0, 0)
(12.2236, 0, 30.6454) (1, 1, 1) (0, 0)
(12.254, 0, 30.8366) (1, 1, 1) (0, 0)
(12.2843, 0, 31.0284) (1, 1, 1) (0, 0)
(12.3147, 0, 31.2205) (1, 1, 1) (0, 0)
(12.345, 0, 31.4132) (1, 1, 1) (0, 0)
(12.3754, 0, 31.6063) (1, 1, 1) (0, 0)
(12.4057, 0, 31.7999) (1, 1, 1) (0, 0)
(12.4361, 0, 31.9939) (1, 1, 1) (0, 0)
(12.4664, 0, 32.1884) (1, 1, 1) (0, 0)
(12.4968, 0, 32.3834) (1, 1, 1) (0, 0)
(12.5271, 0, 32.5788) (1, 1, 1) (0, 0)
(12.5575, 0, 32.7747) (1, 1, 1) (0, 0)
(12.5878, 0, 32.971) (1, 1, 1) (0, 0)
(12.6182, 0, 33.1678) (1, 1, 1) (0, 0)
(12.6485, 0, 33.3651) (1, 1, 1) (0, 0)
(12.6789, 0, 33.5628) (1, 1, 1) (0, 0)
(12.7092, 0, 33.761) (1, 1, 1) (0, 0)
(12.7395, 0, 33.9596) (1, 1, 1) (0, 0)
(12.7699, 0, 34.1587) (1, 1, 1) (0, 0)
(12.8002, 0, 34.3583) (1, 1, 1) (0, 0)
(12.8306, 0, 34.5583) (1, 1, 1) (0, 0)
