637
(1,0,0) (1, 0, 0.5) (0, 0)
(0.99955,0.0399893,0) (1, 0, 0.5) (0, 0)
(0.998201,0.0799147,0) (1, 0, 0.5) (0, 0)
(0.995953,0.119712,0) (1, 0, 0.5) (0, 0)
(0.992809,0.159318,0) (1, 0, 0.5) (0, 0)
(0.988771,0.198669,0) (1, 0, 0.5) (0, 0)
(0.983844,0.237703,0) (1, 0, 0.5) (0, 0)
(0.978031,0.276356,0) (1, 0, 0.5) (0, 0)
(0.971338,0.314567,0) (1, 0, 0.5) (0, 0)
(0.963771,0.352274,0) (1, 0, 0.5) (0, 0)
(0.955337,0.389418,0) (1, 0, 0.5) (0, 0)
(0.946042,0.425939,0) (1, 0, 0.5) (0, 0)
(0.935897,0.461779,0) (1, 0, 0.5) (0, 0)
(0.924909,0.49688,0) (1, 0, 0.5) (0, 0)
(0.913089,0.531186,0) (1, 0, 0.5) (0, 0)
(0.900447,0.564642,0) (1, 0, 0.5) (0, 0)
(0.886995,0.597195,0) (1, 0, 0.5) (0, 0)
(0.872745,0.628793,0) (1, 0, 0.5) (0, 0)
(0.857709,0.659385,0) (1, 0, 0.5) (0, 0)
(0.841901,0.688922,0) (1, 0, 0.5) (0, 0)
(0.825336,0.717356,0) (1, 0, 0.5) (0, 0)
(0.808028,0.744643,0) (1, 0, 0.5) (0, 0)
(0.789992,0.770739,0) (1, 0, 0.5) (0, 0)
(0.771246,0.795602,0) (1, 0, 0.5) (0, 0)
(0.751806,0.819192,0) (1, 0, 0.5) (0, 0)
(0.731689,0.841471,0) (1, 0, 0.5) (0, 0)
(0.710913,0.862404,0) (1, 0, 0.5) (0, 0)
(0.689498,0.881958,0) (1, 0, 0.5) (0, 0)
(0.667463,0.9001,0) (1, 0, 0.5) (0, 0)
(0.644827,0.916803,0) (1, 0, 0.5) (0, 0)
(0.62161,0.932039,0) (1, 0, 0.5) (0, 0)
(0.597834,0.945784,0) (1, 0, 0.5) (0, 0)
(0.57352,0.958016,0) (1, 0, 0.5) (0, 0)
(0.54869,0.968715,0) (1, 0, 0.5) (0, 0)
(0.523366,0.977865,0) (1, 0, 0.5) (0, 0)
(0.497571,0.98545,0) (1, 0, 0.5) (0, 0)
(0.471328,0.991458,0) (1, 0, 0.5) (0, 0)
(0.444662,0.995881,0) (1, 0, 0.5) (0, 0)
(0.417595,0.99871,0) (1, 0, 0.5) (0, 0)
(0.390152,0.999942,0) (1, 0, 0.5) (0, 0)
(0.362358,0.999574,0) (1, 0, 0.5) (0, 0)
(0.334238,0.997606,0) (1, 0, 0.5) (0, 0)
(0.305817,0.994043,0) (1, 0, 0.5) (0, 0)
(0.277121,0.98889,0) (1, 0, 0.5) (0, 0)
(0.248176,0.982154,0) (1, 0, 0.5) (0, 0)
(0.219007,0.973848,0) (1, 0, 0.5) (0, 0)
(0.189641,0.963983,0) (1, 0, 0.5) (0, 0)
(0.160105,0.952576,0) (1, 0, 0.5) (0, 0)
(0.130424,0.939646,0) (1, 0, 0.5) (0, 0)
(0.100626,0.925212,0) (1, 0, 0.5) (0, 0)
(0.0707377,0.909298,0) (1, 0, 0.5) (0, 0)
(0.0407856,0.891929,0) (1, 0, 0.5) (0, 0)
(0.0107965,0.873133,0) (1, 0, 0.5) (0, 0)
(-0.0192019,0.852941,0) (1, 0, 0.5) (0, 0)
(-0.0491834,0.831384,0) (1, 0, 0.5) (0, 0)
(-0.0791202,0.808497,0) (1, 0, 0.5) (0, 0)
(-0.108986,0.784317,0) (1, 0, 0.5) (0, 0)
(-0.138754,0.758881,0) (1, 0, 0.5) (0, 0)
(-0.168397,0.732232,0) (1, 0, 0.5) (0, 0)
(-0.197888,0.704412,0) (1, 0, 0.5) (0, 0)
(-0.227202,0.675464,0) (1, 0, 0.5) (0, 0)
(-0.25631,0.645436,0) (1, 0, 0.5) (0, 0)
(-0.285188,0.614375,0) (1, 0, 0.5) (0, 0)
(-0.31381,0.582332,0) (1, 0, 0.5) (0, 0)
(-0.342149,0.549356,0) (1, 0, 0.5) (0, 0)
(-0.37018,0.515502,0) (1, 0, 0.5) (0, 0)
(-0.397878,0.480824,0) (1, 0, 0.5) (0, 0)
(-0.425218,0.445376,0) (1, 0, 0.5) (0, 0)
(-0.452175,0.409215,0) (1, 0, 0.5) (0, 0)
(-0.478726,0.3724,0) (1, 0, 0.5) (0, 0)
(-0.504845,0.33499,0) (1, 0, 0.5) (0, 0)
(-0.53051,0.297043,0) (1, 0, 0.5) (0, 0)
(-0.555698,0.258621,0) (1, 0, 0.5) (0, 0)
(-0.580386,0.219785,0) (1, 0, 0.5) (0, 0)
(-0.604551,0.180598,0) (1, 0, 0.5) (0, 0)
(-0.628173,0.141122,0) (1, 0, 0.5) (0, 0)
(-0.651229,0.10142,0) (1, 0, 0.5) (0, 0)
(-0.673699,0.0615555,0) (1, 0, 0.5) (0, 0)
(-0.695563,0.0215928,0) (1, 0, 0.5) (0, 0)
(-0.7168,-0.0184045,0) (1, 0, 0.5) (0, 0)
(-0.737393,-0.0583723,0) (1, 0, 0.5) (0, 0)
(-0.757322,-0.0982467,0) (1, 0, 0.5) (0, 0)
(-0.776569,-0.137964,0) (1, 0, 0.5) (0, 0)
(-0.795118,-0.17746,0) (1, 0, 0.5) (0, 0)
(-0.812951,-0.216673,0) (1, 0, 0.5) (0, 0)
(-0.830053,-0.255539,0) (1, 0, 0.5) (0, 0)
(-0.846407,-0.293996,0) (1, 0, 0.5) (0, 0)
(-0.862,-0.331983,0) (1, 0, 0.5) (0, 0)
(-0.876817,-0.369439,0) (1, 0, 0.5) (0, 0)
(-0.890845,-0.406304,0) (1, 0, 0.5) (0, 0)
(-0.904072,-0.442518,0) (1, 0, 0.5) (0, 0)
(-0.916484,-0.478025,0) (1, 0, 0.5) (0, 0)
(-0.928072,-0.512767,0) (1, 0, 0.5) (0, 0)
(-0.938825,-0.546689,0) (1, 0, 0.5) (0, 0)
(-0.948733,-0.579736,0) (1, 0, 0.5) (0, 0)
(-0.957787,-0.611856,0) (1, 0, 0.5) (0, 0)
(-0.965979,-0.642997,0) (1, 0, 0.5) (0, 0)
(-0.973302,-0.673109,0) (1, 0, 0.5) (0, 0)
(-0.979749,-0.702145,0) (1, 0, 0.5) (0, 0)
(-0.985314,-0.730057,0) (1, 0, 0.5) (0, 0)
(-0.989992,-0.756801,0) (1, 0, 0.5) (0, 0)
(-0.99378,-0.782334,0) (1, 0, 0.5) (0, 0)
(-0.996673,-0.806616,0) (1, 0, 0.5) (0, 0)
(-0.998669,-0.829608,0) (1, 0, 0.5) (0, 0)
(-0.999767,-0.851272,0) (1, 0, 0.5) (0, 0)
(-0.999965,-0.871575,0) (1, 0, 0.5) (0, 0)
(-0.999263,-0.890483,0) (1, 0, 0.5) (0, 0)
(-0.997661,-0.907966,0) (1, 0, 0.5) (0, 0)
(-0.995162,-0.923997,0) (1, 0, 0.5) (0, 0)
(-0.991767,-0.93855,0) (1, 0, 0.5) (0, 0)
(-0.98748,-0.951601,0) (1, 0, 0.5) (0, 0)
(-0.982304,-0.96313,0) (1, 0, 0.5) (0, 0)
(-0.976244,-0.973118,0) (1, 0, 0.5) (0, 0)
(-0.969306,-0.98155,0) (1, 0, 0.5) (0, 0)
(-0.961495,-0.988411,0) (1, 0, 0.5) (0, 0)
(-0.952819,-0.993691,0) (1, 0, 0.5) (0, 0)
(-0.943285,-0.997381,0) (1, 0, 0.5) (0, 0)
(-0.932903,-0.999475,0) (1, 0, 0.5) (0, 0)
(-0.921681,-0.999971,0) (1, 0, 0.5) (0, 0)
(-0.909629,-0.998867,0) (1, 0, 0.5) (0, 0)
(-0.896759,-0.996165,0) (1, 0, 0.5) (0, 0)
(-0.883082,-0.991869,0) (1, 0, 0.5) (0, 0)
(-0.868611,-0.985987,0) (1, 0, 0.5) (0, 0)
(-0.853357,-0.978527,0) (1, 0, 0.5) (0, 0)
(-0.837336,-0.969501,0) (1, 0, 0.5) (0, 0)
(-0.820561,-0.958925,0) (1, 0, 0.5) (0, 0)
(-0.803047,-0.946815,0) (1, 0, 0.5) (0, 0)
(-0.784811,-0.93319,0) (1, 0, 0.5) (0, 0)
(-0.765869,-0.918072,0) (1, 0, 0.5) (0, 0)
(-0.746237,-0.901485,0) (1, 0, 0.5) (0, 0)
(-0.725934,-0.883456,0) (1, 0, 0.5) (0, 0)
(-0.704977,-0.864014,0) (1, 0, 0.5) (0, 0)
(-0.683387,-0.84319,0) (1, 0, 0.5) (0, 0)
(-0.661181,-0.821016,0) (1, 0, 0.5) (0, 0)
(-0.63838,-0.79753,0) (1, 0, 0.5) (0, 0)
(-0.615004,-0.772767,0) (1, 0, 0.5) (0, 0)
(-0.591076,-0.746768,0) (1, 0, 0.5) (0, 0)
(-0.566615,-0.719574,0) (1, 0, 0.5) (0, 0)
(-0.541644,-0.69123,0) (1, 0, 0.5) (0, 0)
(-0.516186,-0.661779,0) (1, 0, 0.5) (0, 0)
(-0.490263,-0.63127,0) (1, 0, 0.5) (0, 0)
(-0.463899,-0.59975,0) (1, 0, 0.5) (0, 0)
(-0.437118,-0.567272,0) (1, 0, 0.5) (0, 0)
(-0.409943,-0.533886,0) (1, 0, 0.5) (0, 0)
(-0.3824,-0.499645,0) (1, 0, 0.5) (0, 0)
(-0.354512,-0.464606,0) (1, 0, 0.5) (0, 0)
(-0.326305,-0.428823,0) (1, 0, 0.5) (0, 0)
(-0.297804,-0.392354,0) (1, 0, 0.5) (0, 0)
(-0.269036,-0.355258,0) (1, 0, 0.5) (0, 0)
(-0.240025,-0.317593,0) (1, 0, 0.5) (0, 0)
(-0.210799,-0.27942,0) (1, 0, 0.5) (0, 0)
(-0.181382,-0.2408,0) (1, 0, 0.5) (0, 0)
(-0.151803,-0.201794,0) (1, 0, 0.5) (0, 0)
(-0.122087,-0.162466,0) (1, 0, 0.5) (0, 0)
(-0.0922609,-0.122878,0) (1, 0, 0.5) (0, 0)
(-0.0623516,-0.0830939,0) (1, 0, 0.5) (0, 0)
(-0.0323867,-0.0431764,0) (1, 0, 0.5) (0, 0)
(-0.00239211,-0.00318986,0) (1, 0, 0.5) (0, 0)
(0.0276041,0.0368018,0) (1, 0, 0.5) (0, 0)
(0.057576,0.0767346,0) (1, 0, 0.5) (0, 0)
(0.0874955,0.116545,0) (1, 0, 0.5) (0, 0)
(0.117337,0.156168,0) (1, 0, 0.5) (0, 0)
(0.147072,0.195542,0) (1, 0, 0.5) (0, 0)
(0.176675,0.234603,0) (1, 0, 0.5) (0, 0)
(0.206119,0.273288,0) (1, 0, 0.5) (0, 0)
(0.235378,0.311537,0) (1, 0, 0.5) (0, 0)
(0.264425,0.349287,0) (1, 0, 0.5) (0, 0)
(0.293234,0.386478,0) (1, 0, 0.5) (0, 0)
(0.321779,0.423051,0) (1, 0, 0.5) (0, 0)
(0.350034,0.458947,0) (1, 0, 0.5) (0, 0)
(0.377974,0.494109,0) (1, 0, 0.5) (0, 0)
(0.405575,0.52848,0) (1, 0, 0.5) (0, 0)
(0.43281,0.562006,0) (1, 0, 0.5) (0, 0)
(0.459656,0.594633,0) (1, 0, 0.5) (0, 0)
(0.486088,0.626309,0) (1, 0, 0.5) (0, 0)
(0.512082,0.656983,0) (1, 0, 0.5) (0, 0)
(0.537616,0.686605,0) (1, 0, 0.5) (0, 0)
(0.562666,0.715129,0) (1, 0, 0.5) (0, 0)
(0.58721,0.74251,0) (1, 0, 0.5) (0, 0)
(0.611225,0.768702,0) (1, 0, 0.5) (0, 0)
(0.63469,0.793665,0) (1, 0, 0.5) (0, 0)
(0.657584,0.817357,0) (1, 0, 0.5) (0, 0)
(0.679886,0.839743,0) (1, 0, 0.5) (0, 0)
(0.701576,0.860785,0) (1, 0, 0.5) (0, 0)
(0.722635,0.880449,0) (1, 0, 0.5) (0, 0)
(0.743044,0.898706,0) (1, 0, 0.5) (0, 0)
(0.762784,0.915524,0) (1, 0, 0.5) (0, 0)
(0.781837,0.930878,0) (1, 0, 0.5) (0, 0)
(0.800187,0.944743,0) (1, 0, 0.5) (0, 0)
(0.817817,0.957096,0) (1, 0, 0.5) (0, 0)
(0.83471,0.967918,0) (1, 0, 0.5) (0, 0)
(0.850853,0.977192,0) (1, 0, 0.5) (0, 0)
(0.86623,0.984902,0) (1, 0, 0.5) (0, 0)
(0.880827,0.991037,0) (1, 0, 0.5) (0, 0)
(0.894632,0.995586,0) (1, 0, 0.5) (0, 0)
(0.907632,0.998543,0) (1, 0, 0.5) (0, 0)
(0.919814,0.999902,0) (1, 0, 0.5) (0, 0)
(0.931169,0.999662,0) (1, 0, 0.5) (0, 0)
(0.941686,0.997822,0) (1, 0, 0.5) (0, 0)
(0.951356,0.994386,0) (1, 0, 0.5) (0, 0)
(0.960169,0.989359,0) (1, 0, 0.5) (0, 0)
(0.968118,0.982749,0) (1, 0, 0.5) (0, 0)
(0.975196,0.974568,0) (1, 0, 0.5) (0, 0)
(0.981397,0.964827,0) (1, 0, 0.5) (0, 0)
(0.986714,0.953542,0) (1, 0, 0.5) (0, 0)
(0.991143,0.940733,0) (1, 0, 0.5) (0, 0)
(0.994681,0.926418,0) (1, 0, 0.5) (0, 0)
(0.997323,0.910621,0) (1, 0, 0.5) (0, 0)
(0.999067,0.893367,0) (1, 0, 0.5) (0, 0)
(0.999913,0.874684,0) (1, 0, 0.5) (0, 0)
(0.999859,0.854602,0) (1, 0, 0.5) (0, 0)
(0.998905,0.833153,0) (1, 0, 0.5) (0, 0)
(0.997052,0.810371,0) (1, 0, 0.5) (0, 0)
(0.994301,0.786292,0) (1, 0, 0.5) (0, 0)
(0.990656,0.760955,0) (1, 0, 0.5) (0, 0)
(0.98612,0.734401,0) (1, 0, 0.5) (0, 0)
(0.980695,0.706673,0) (1, 0, 0.5) (0, 0)
(0.974389,0.677813,0) (1, 0, 0.5) (0, 0)
(0.967205,0.64787,0) (1, 0, 0.5) (0, 0)
(0.959151,0.616889,0) (1, 0, 0.5) (0, 0)
(0.950234,0.584922,0) (1, 0, 0.5) (0, 0)
(0.940462,0.55202,0) (1, 0, 0.5) (0, 0)
(0.929843,0.518234,0) (1, 0, 0.5) (0, 0)
(0.918388,0.483619,0) (1, 0, 0.5) (0, 0)
(0.906106,0.44823,0) (1, 0, 0.5) (0, 0)
(0.893009,0.412125,0) (1, 0, 0.5) (0, 0)
(0.879108,0.37536,0) (1, 0, 0.5) (0, 0)
(0.864416,0.337994,0) (1, 0, 0.5) (0, 0)
(0.848945,0.300088,0) (1, 0, 0.5) (0, 0)
(0.832712,0.261702,0) (1, 0, 0.5) (0, 0)
(0.815728,0.222897,0) (1, 0, 0.5) (0, 0)
(0.798011,0.183735,0) (1, 0, 0.5) (0, 0)
(0.779575,0.14428,0) (1, 0, 0.5) (0, 0)
(0.760438,0.104593,0) (1, 0, 0.5) (0, 0)
(0.740616,0.0647397,0) (1, 0, 0.5) (0, 0)
(0.720128,0.0247825,0) (1, 0, 0.5) (0, 0)
(0.698992,-0.0152144,0) (1, 0, 0.5) (0, 0)
(0.677227,-0.0551869,0) (1, 0, 0.5) (0, 0)
(0.654852,-0.0950711,0) (1, 0, 0.5) (0, 0)
(0.631889,-0.134803,0) (1, 0, 0.5) (0, 0)
(0.608356,-0.17432,0) (1, 0, 0.5) (0, 0)
(0.584276,-0.213557,0) (1, 0, 0.5) (0, 0)
(0.55967,-0.252453,0) (1, 0, 0.5) (0, 0)
(0.534561,-0.290945,0) (1, 0, 0.5) (0, 0)
(0.508969,-0.328972,0) (1, 0, 0.5) (0, 0)
(0.482921,-0.366472,0) (1, 0, 0.5) (0, 0)
(0.456438,-0.403386,0) (1, 0, 0.5) (0, 0)
(0.429544,-0.439655,0) (1, 0, 0.5) (0, 0)
(0.402263,-0.47522,0) (1, 0, 0.5) (0, 0)
(0.37462,-0.510026,0) (1, 0, 0.5) (0, 0)
(0.346641,-0.544015,0) (1, 0, 0.5) (0, 0)
(0.31835,-0.577134,0) (1, 0, 0.5) (0, 0)
(0.289771,-0.609329,0) (1, 0, 0.5) (0, 0)
(0.260932,-0.64055,0) (1, 0, 0.5) (0, 0)
(0.231858,-0.670746,0) (1, 0, 0.5) (0, 0)
(0.202576,-0.699869,0) (1, 0, 0.5) (0, 0)
(0.173111,-0.727872,0) (1, 0, 0.5) (0, 0)
(0.143491,-0.754711,0) (1, 0, 0.5) (0, 0)
(0.113741,-0.780343,0) (1, 0, 0.5) (0, 0)
(0.0838895,-0.804726,0) (1, 0, 0.5) (0, 0)
(0.0539613,-0.827822,0) (1, 0, 0.5) (0, 0)
(0.0239854,-0.849593,0) (1, 0, 0.5) (0, 0)
(-0.00601195,-0.870006,0) (1, 0, 0.5) (0, 0)
(-0.0360039,-0.889026,0) (1, 0, 0.5) (0, 0)
(-0.0659645,-0.906624,0) (1, 0, 0.5) (0, 0)
(-0.0958647,-0.922772,0) (1, 0, 0.5) (0, 0)
(-0.125679,-0.937444,0) (1, 0, 0.5) (0, 0)
(-0.15538,-0.950616,0) (1, 0, 0.5) (0, 0)
(-0.184941,-0.962267,0) (1, 0, 0.5) (0, 0)
(-0.214336,-0.972378,0) (1, 0, 0.5) (0, 0)
(-0.243538,-0.980935,0) (1, 0, 0.5) (0, 0)
(-0.27252,-0.987921,0) (1, 0, 0.5) (0, 0)
(-0.301258,-0.993328,0) (1, 0, 0.5) (0, 0)
(-0.329725,-0.997145,0) (1, 0, 0.5) (0, 0)
(-0.357894,-0.999367,0) (1, 0, 0.5) (0, 0)
(-0.385742,-0.99999,0) (1, 0, 0.5) (0, 0)
(-0.413242,-0.999014,0) (1, 0, 0.5) (0, 0)
(-0.440371,-0.996439,0) (1, 0, 0.5) (0, 0)
(-0.467103,-0.99227,0) (1, 0, 0.5) (0, 0)
(-0.493415,-0.986514,0) (1, 0, 0.5) (0, 0)
(-0.519283,-0.97918,0) (1, 0, 0.5) (0, 0)
(-0.544684,-0.970279,0) (1, 0, 0.5) (0, 0)
(-0.569594,-0.959825,0) (1, 0, 0.5) (0, 0)
(-0.593991,-0.947837,0) (1, 0, 0.5) (0, 0)
(-0.617854,-0.934332,0) (1, 0, 0.5) (0, 0)
(-0.641162,-0.919332,0) (1, 0, 0.5) (0, 0)
(-0.663892,-0.902862,0) (1, 0, 0.5) (0, 0)
(-0.686025,-0.884947,0) (1, 0, 0.5) (0, 0)
(-0.707541,-0.865616,0) (1, 0, 0.5) (0, 0)
(-0.728419,-0.844901,0) (1, 0, 0.5) (0, 0)
(-0.748642,-0.822834,0) (1, 0, 0.5) (0, 0)
(-0.768191,-0.79945,0) (1, 0, 0.5) (0, 0)
(-0.787049,-0.774788,0) (1, 0, 0.5) (0, 0)
(-0.805199,-0.748886,0) (1, 0, 0.5) (0, 0)
(-0.822624,-0.721786,0) (1, 0, 0.5) (0, 0)
(-0.839309,-0.693532,0) (1, 0, 0.5) (0, 0)
(-0.855239,-0.664168,0) (1, 0, 0.5) (0, 0)
(-0.870399,-0.633741,0) (1, 0, 0.5) (0, 0)
(-0.884775,-0.602301,0) (1, 0, 0.5) (0, 0)
(-0.898355,-0.569897,0) (1, 0, 0.5) (0, 0)
(-0.911127,-0.536581,0) (1, 0, 0.5) (0, 0)
(-0.923079,-0.502407,0) (1, 0, 0.5) (0, 0)
(-0.9342,-0.467429,0) (1, 0, 0.5) (0, 0)
(-0.944481,-0.431703,0) (1, 0, 0.5) (0, 0)
(-0.953911,-0.395287,0) (1, 0, 0.5) (0, 0)
(-0.962483,-0.358238,0) (1, 0, 0.5) (0, 0)
(-0.970189,-0.320617,0) (1, 0, 0.5) (0, 0)
(-0.977022,-0.282482,0) (1, 0, 0.5) (0, 0)
(-0.982976,-0.243895,0) (1, 0, 0.5) (0, 0)
(-0.988045,-0.204919,0) (1, 0, 0.5) (0, 0)
(-0.992224,-0.165614,0) (1, 0, 0.5) (0, 0)
(-0.995511,-0.126044,0) (1, 0, 0.5) (0, 0)
(-0.997902,-0.0862732,0) (1, 0, 0.5) (0, 0)
(-0.999395,-0.046364,0) (1, 0, 0.5) (0, 0)
(-0.999989,-0.00638064,0) (1, 0, 0.5) (0, 0)
(-0.999682,0.0336129,0) (1, 0, 0.5) (0, 0)
(-0.998476,0.0735528,0) (1, 0, 0.5) (0, 0)
(-0.996371,0.113375,0) (1, 0, 0.5) (0, 0)
(-0.99337,0.153016,0) (1, 0, 0.5) (0, 0)
(-0.989475,0.192412,0) (1, 0, 0.5) (0, 0)
(-0.984689,0.2315,0) (1, 0, 0.5) (0, 0)
(-0.979017,0.270218,0) (1, 0, 0.5) (0, 0)
(-0.972465,0.308503,0) (1, 0, 0.5) (0, 0)
(-0.965037,0.346295,0) (1, 0, 0.5) (0, 0)
(-0.95674,0.383533,0) (1, 0, 0.5) (0, 0)
(-0.947582,0.420158,0) (1, 0, 0.5) (0, 0)
(-0.937572,0.45611,0) (1, 0, 0.5) (0, 0)
(-0.926718,0.491332,0) (1, 0, 0.5) (0, 0)
(-0.91503,0.525769,0) (1, 0, 0.5) (0, 0)
(-0.902519,0.559364,0) (1, 0, 0.5) (0, 0)
(-0.889195,0.592065,0) (1, 0, 0.5) (0, 0)
(-0.875071,0.623818,0) (1, 0, 0.5) (0, 0)
(-0.86016,0.654574,0) (1, 0, 0.5) (0, 0)
(-0.844474,0.684282,0) (1, 0, 0.5) (0, 0)
(-0.828029,0.712896,0) (1, 0, 0.5) (0, 0)
(-0.810838,0.740369,0) (1, 0, 0.5) (0, 0)
(-0.792918,0.766657,0) (1, 0, 0.5) (0, 0)
(-0.774284,0.791719,0) (1, 0, 0.5) (0, 0)
(-0.754953,0.815515,0) (1, 0, 0.5) (0, 0)
(-0.734943,0.838006,0) (1, 0, 0.5) (0, 0)
(-0.714272,0.859156,0) (1, 0, 0.5) (0, 0)
(-0.692957,0.878932,0) (1, 0, 0.5) (0, 0)
(-0.671019,0.897302,0) (1, 0, 0.5) (0, 0)
(-0.648478,0.914236,0) (1, 0, 0.5) (0, 0)
(-0.625352,0.929708,0) (1, 0, 0.5) (0, 0)
(-0.601664,0.943692,0) (1, 0, 0.5) (0, 0)
(-0.577435,0.956167,0) (1, 0, 0.5) (0, 0)
(-0.552686,0.967112,0) (1, 0, 0.5) (0, 0)
(-0.527439,0.976509,0) (1, 0, 0.5) (0, 0)
(-0.501717,0.984345,0) (1, 0, 0.5) (0, 0)
(-0.475545,0.990606,0) (1, 0, 0.5) (0, 0)
(-0.448944,0.995282,0) (1, 0, 0.5) (0, 0)
(-0.421939,0.998366,0) (1, 0, 0.5) (0, 0)
(-0.394555,0.999852,0) (1, 0, 0.5) (0, 0)
(-0.366815,0.99974,0) (1, 0, 0.5) (0, 0)
(-0.338746,0.998027,0) (1, 0, 0.5) (0, 0)
(-0.310372,0.994719,0) (1, 0, 0.5) (0, 0)
(-0.281717,0.989818,0) (1, 0, 0.5) (0, 0)
(-0.25281,0.983335,0) (1, 0, 0.5) (0, 0)
(-0.223675,0.975278,0) (1, 0, 0.5) (0, 0)
(-0.194338,0.965661,0) (1, 0, 0.5) (0, 0)
(-0.164828,0.954499,0) (1, 0, 0.5) (0, 0)
(-0.135169,0.94181,0) (1, 0, 0.5) (0, 0)
(-0.105388,0.927615,0) (1, 0, 0.5) (0, 0)
(-0.0755121,0.911935,0) (1, 0, 0.5) (0, 0)
(-0.0455676,0.894797,0) (1, 0, 0.5) (0, 0)
(-0.015583,0.876227,0) (1, 0, 0.5) (0, 0)
(0.0144156,0.856255,0) (1, 0, 0.5) (0, 0)
(0.0444022,0.834913,0) (1, 0, 0.5) (0, 0)
(0.0743478,0.812236,0) (1, 0, 0.5) (0, 0)
(0.104227,0.78826,0) (1, 0, 0.5) (0, 0)
(0.134012,0.763022,0) (1, 0, 0.5) (0, 0)
(0.163676,0.736564,0) (1, 0, 0.5) (0, 0)
(0.193194,0.708927,0) (1, 0, 0.5) (0, 0)
(0.222537,0.680156,0) (1, 0, 0.5) (0, 0)
(0.25168,0.650297,0) (1, 0, 0.5) (0, 0)
(0.280597,0.619398,0) (1, 0, 0.5) (0, 0)
(0.309261,0.587508,0) (1, 0, 0.5) (0, 0)
(0.337647,0.554678,0) (1, 0, 0.5) (0, 0)
(0.365729,0.520961,0) (1, 0, 0.5) (0, 0)
(0.393481,0.48641,0) (1, 0, 0.5) (0, 0)
(0.420881,0.451081,0) (1, 0, 0.5) (0, 0)
(0.447901,0.41503,0) (1, 0, 0.5) (0, 0)
(0.474517,0.378316,0) (1, 0, 0.5) (0, 0)
(0.500708,0.340996,0) (1, 0, 0.5) (0, 0)
(0.526447,0.303131,0) (1, 0, 0.5) (0, 0)
(0.551712,0.26478,0) (1, 0, 0.5) (0, 0)
(0.576481,0.226006,0) (1, 0, 0.5) (0, 0)
(0.600731,0.186871,0) (1, 0, 0.5) (0, 0)
(0.624441,0.147437,0) (1, 0, 0.5) (0, 0)
(0.647589,0.107767,0) (1, 0, 0.5) (0, 0)
(0.670153,0.0679239,0) (1, 0, 0.5) (0, 0)
(0.692116,0.0279727,0) (1, 0, 0.5) (0, 0)
(0.713454,-0.0120234,0) (1, 0, 0.5) (0, 0)
(0.734151,-0.0520001,0) (1, 0, 0.5) (0, 0)
(0.754187,-0.0918937,0) (1, 0, 0.5) (0, 0)
(0.773544,-0.13164,0) (1, 0, 0.5) (0, 0)
(0.792206,-0.171176,0) (1, 0, 0.5) (0, 0)
(0.810154,-0.210438,0) (1, 0, 0.5) (0, 0)
(0.827374,-0.249364,0) (1, 0, 0.5) (0, 0)
(0.843849,-0.287891,0) (1, 0, 0.5) (0, 0)
(0.859564,-0.325957,0) (1, 0, 0.5) (0, 0)
(0.874506,-0.363503,0) (1, 0, 0.5) (0, 0)
(0.888662,-0.400467,0) (1, 0, 0.5) (0, 0)
(0.902017,-0.43679,0) (1, 0, 0.5) (0, 0)
(0.91456,-0.472414,0) (1, 0, 0.5) (0, 0)
(0.926281,-0.507283,0) (1, 0, 0.5) (0, 0)
(0.937167,-0.54134,0) (1, 0, 0.5) (0, 0)
(0.947211,-0.574531,0) (1, 0, 0.5) (0, 0)
(0.956402,-0.606803,0) (1, 0, 0.5) (0, 0)
(0.964732,-0.638103,0) (1, 0, 0.5) (0, 0)
(0.972194,-0.668384,0) (1, 0, 0.5) (0, 0)
(0.978781,-0.697594,0) (1, 0, 0.5) (0, 0)
(0.984487,-0.725689,0) (1, 0, 0.5) (0, 0)
(0.989307,-0.752623,0) (1, 0, 0.5) (0, 0)
(0.993237,-0.778352,0) (1, 0, 0.5) (0, 0)
(0.996273,-0.802837,0) (1, 0, 0.5) (0, 0)
(0.998412,-0.826037,0) (1, 0, 0.5) (0, 0)
(0.999652,-0.847915,0) (1, 0, 0.5) (0, 0)
(0.999993,-0.868437,0) (1, 0, 0.5) (0, 0)
(0.999434,-0.887569,0) (1, 0, 0.5) (0, 0)
(0.997976,-0.905282,0) (1, 0, 0.5) (0, 0)
(0.995619,-0.921546,0) (1, 0, 0.5) (0, 0)
(0.992367,-0.936336,0) (1, 0, 0.5) (0, 0)
(0.988221,-0.949628,0) (1, 0, 0.5) (0, 0)
(0.983186,-0.9614,0) (1, 0, 0.5) (0, 0)
(0.977266,-0.971635,0) (1, 0, 0.5) (0, 0)
(0.970467,-0.980314,0) (1, 0, 0.5) (0, 0)
(0.962794,-0.987426,0) (1, 0, 0.5) (0, 0)
(0.954255,-0.992958,0) (1, 0, 0.5) (0, 0)
(0.944857,-0.996901,0) (1, 0, 0.5) (0, 0)
(0.934608,-0.99925,0) (1, 0, 0.5) (0, 0)
(0.923518,-0.999999,0) (1, 0, 0.5) (0, 0)
(0.911598,-0.999149,0) (1, 0, 0.5) (0, 0)
(0.898857,-0.9967,0) (1, 0, 0.5) (0, 0)
(0.885307,-0.992657,0) (1, 0, 0.5) (0, 0)
(0.87096,-0.987026,0) (1, 0, 0.5) (0, 0)
(0.855829,-0.979815,0) (1, 0, 0.5) (0, 0)
(0.839928,-0.971037,0) (1, 0, 0.5) (0, 0)
(0.823271,-0.960706,0) (1, 0, 0.5) (0, 0)
(0.805874,-0.948837,0) (1, 0, 0.5) (0, 0)
(0.787751,-0.935451,0) (1, 0, 0.5) (0, 0)
(0.768919,-0.920567,0) (1, 0, 0.5) (0, 0)
(0.749395,-0.904212,0) (1, 0, 0.5) (0, 0)
(0.729196,-0.886409,0) (1, 0, 0.5) (0, 0)
(0.708342,-0.867188,0) (1, 0, 0.5) (0, 0)
(0.686849,-0.84658,0) (1, 0, 0.5) (0, 0)
(0.664739,-0.824618,0) (1, 0, 0.5) (0, 0)
(0.642031,-0.801336,0) (1, 0, 0.5) (0, 0)
(0.618744,-0.776772,0) (1, 0, 0.5) (0, 0)
(0.594901,-0.750966,0) (1, 0, 0.5) (0, 0)
(0.570522,-0.723958,0) (1, 0, 0.5) (0, 0)
(0.54563,-0.695792,0) (1, 0, 0.5) (0, 0)
(0.520247,-0.666512,0) (1, 0, 0.5) (0, 0)
(0.494396,-0.636167,0) (1, 0, 0.5) (0, 0)
(0.4681,-0.604803,0) (1, 0, 0.5) (0, 0)
(0.441382,-0.572472,0) (1, 0, 0.5) (0, 0)
(0.414267,-0.539225,0) (1, 0, 0.5) (0, 0)
(0.38678,-0.505116,0) (1, 0, 0.5) (0, 0)
(0.358944,-0.470198,0) (1, 0, 0.5) (0, 0)
(0.330785,-0.434528,0) (1, 0, 0.5) (0, 0)
(0.302329,-0.398163,0) (1, 0, 0.5) (0, 0)
(0.2736,-0.361161,0) (1, 0, 0.5) (0, 0)
(0.244626,-0.323581,0) (1, 0, 0.5) (0, 0)
(0.215431,-0.285483,0) (1, 0, 0.5) (0, 0)
(0.186042,-0.246929,0) (1, 0, 0.5) (0, 0)
(0.156486,-0.20798,0) (1, 0, 0.5) (0, 0)
(0.126789,-0.168697,0) (1, 0, 0.5) (0, 0)
(0.0969774,-0.129145,0) (1, 0, 0.5) (0, 0)
(0.067079,-0.0893866,0) (1, 0, 0.5) (0, 0)
(0.0371202,-0.049485,0) (1, 0, 0.5) (0, 0)
(0.00712798,-0.00950413,0) (1, 0, 0.5) (0, 0)
(-0.0228707,0.0304919,0) (1, 0, 0.5) (0, 0)
(-0.0528487,0.0704392,0) (1, 0, 0.5) (0, 0)
(-0.0827792,0.110274,0) (1, 0, 0.5) (0, 0)
(-0.112635,0.149932,0) (1, 0, 0.5) (0, 0)
(-0.14239,0.18935,0) (1, 0, 0.5) (0, 0)
(-0.172016,0.228466,0) (1, 0, 0.5) (0, 0)
(-0.201488,0.267215,0) (1, 0, 0.5) (0, 0)
(-0.230778,0.305538,0) (1, 0, 0.5) (0, 0)
(-0.259861,0.343371,0) (1, 0, 0.5) (0, 0)
(-0.288711,0.380655,0) (1, 0, 0.5) (0, 0)
(-0.317299,0.417331,0) (1, 0, 0.5) (0, 0)
(-0.345603,0.453338,0) (1, 0, 0.5) (0, 0)
(-0.373595,0.48862,0) (1, 0, 0.5) (0, 0)
(-0.401251,0.523121,0) (1, 0, 0.5) (0, 0)
(-0.428546,0.556784,0) (1, 0, 0.5) (0, 0)
(-0.455456,0.589557,0) (1, 0, 0.5) (0, 0)
(-0.481955,0.621387,0) (1, 0, 0.5) (0, 0)
(-0.508021,0.652222,0) (1, 0, 0.5) (0, 0)
(-0.533629,0.682014,0) (1, 0, 0.5) (0, 0)
(-0.558757,0.710715,0) (1, 0, 0.5) (0, 0)
(-0.583383,0.738279,0) (1, 0, 0.5) (0, 0)
(-0.607483,0.764661,0) (1, 0, 0.5) (0, 0)
(-0.631037,0.789821,0) (1, 0, 0.5) (0, 0)
(-0.654022,0.813717,0) (1, 0, 0.5) (0, 0)
(-0.676419,0.83631,0) (1, 0, 0.5) (0, 0)
(-0.698208,0.857566,0) (1, 0, 0.5) (0, 0)
(-0.719368,0.87745,0) (1, 0, 0.5) (0, 0)
(-0.73988,0.89593,0) (1, 0, 0.5) (0, 0)
(-0.759727,0.912977,0) (1, 0, 0.5) (0, 0)
(-0.77889,0.928563,0) (1, 0, 0.5) (0, 0)
(-0.797352,0.942664,0) (1, 0, 0.5) (0, 0)
(-0.815096,0.955256,0) (1, 0, 0.5) (0, 0)
(-0.832107,0.96632,0) (1, 0, 0.5) (0, 0)
(-0.848369,0.975839,0) (1, 0, 0.5) (0, 0)
(-0.863867,0.983796,0) (1, 0, 0.5) (0, 0)
(-0.878588,0.990179,0) (1, 0, 0.5) (0, 0)
(-0.892518,0.994977,0) (1, 0, 0.5) (0, 0)
(-0.905645,0.998185,0) (1, 0, 0.5) (0, 0)
(-0.917957,0.999795,0) (1, 0, 0.5) (0, 0)
(-0.929443,0.999805,0) (1, 0, 0.5) (0, 0)
(-0.940092,0.998216,0) (1, 0, 0.5) (0, 0)
(-0.949896,0.99503,0) (1, 0, 0.5) (0, 0)
(-0.958844,0.990252,0) (1, 0, 0.5) (0, 0)
(-0.966929,0.98389,0) (1, 0, 0.5) (0, 0)
(-0.974145,0.975954,0) (1, 0, 0.5) (0, 0)
(-0.980483,0.966456,0) (1, 0, 0.5) (0, 0)
(-0.985939,0.955413,0) (1, 0, 0.5) (0, 0)
(-0.990508,0.94284,0) (1, 0, 0.5) (0, 0)
(-0.994186,0.928759,0) (1, 0, 0.5) (0, 0)
(-0.996968,0.913193,0) (1, 0, 0.5) (0, 0)
(-0.998854,0.896165,0) (1, 0, 0.5) (0, 0)
(-0.99984,0.877704,0) (1, 0, 0.5) (0, 0)
(-0.999927,0.857838,0) (1, 0, 0.5) (0, 0)
(-0.999113,0.8366,0) (1, 0, 0.5) (0, 0)
(-0.997401,0.814024,0) (1, 0, 0.5) (0, 0)
(-0.994791,0.790145,0) (1, 0, 0.5) (0, 0)
(-0.991285,0.765002,0) (1, 0, 0.5) (0, 0)
(-0.986888,0.738635,0) (1, 0, 0.5) (0, 0)
(-0.981602,0.711087,0) (1, 0, 0.5) (0, 0)
(-0.975433,0.682401,0) (1, 0, 0.5) (0, 0)
(-0.968386,0.652623,0) (1, 0, 0.5) (0, 0)
(-0.960468,0.621801,0) (1, 0, 0.5) (0, 0)
(-0.951685,0.589984,0) (1, 0, 0.5) (0, 0)
(-0.942045,0.557223,0) (1, 0, 0.5) (0, 0)
(-0.931558,0.523571,0) (1, 0, 0.5) (0, 0)
(-0.920233,0.489082,0) (1, 0, 0.5) (0, 0)
(-0.908079,0.453809,0) (1, 0, 0.5) (0, 0)
(-0.895108,0.417811,0) (1, 0, 0.5) (0, 0)
(-0.881331,0.381144,0) (1, 0, 0.5) (0, 0)
(-0.866762,0.343868,0) (1, 0, 0.5) (0, 0)
(-0.851412,0.306041,0) (1, 0, 0.5) (0, 0)
(-0.835296,0.267725,0) (1, 0, 0.5) (0, 0)
(-0.818428,0.22898,0) (1, 0, 0.5) (0, 0)
(-0.800823,0.189869,0) (1, 0, 0.5) (0, 0)
(-0.782498,0.150455,0) (1, 0, 0.5) (0, 0)
(-0.763469,0.110799,0) (1, 0, 0.5) (0, 0)
(-0.743753,0.0709667,0) (1, 0, 0.5) (0, 0)
(-0.723367,0.0310205,0) (1, 0, 0.5) (0, 0)
(-0.70233,-0.00897528,0) (1, 0, 0.5) (0, 0)
(-0.680661,-0.0489567,0) (1, 0, 0.5) (0, 0)
(-0.65838,-0.0888599,0) (1, 0, 0.5) (0, 0)
(-0.635506,-0.128621,0) (1, 0, 0.5) (0, 0)
(-0.61206,-0.168176,0) (1, 0, 0.5) (0, 0)
(-0.588063,-0.207462,0) (1, 0, 0.5) (0, 0)
(-0.563537,-0.246416,0) (1, 0, 0.5) (0, 0)
(-0.538504,-0.284976,0) (1, 0, 0.5) (0, 0)
(-0.512986,-0.32308,0) (1, 0, 0.5) (0, 0)
(-0.487007,-0.360668,0) (1, 0, 0.5) (0, 0)
(-0.460589,-0.397678,0) (1, 0, 0.5) (0, 0)
(-0.433757,-0.434052,0) (1, 0, 0.5) (0, 0)
(-0.406534,-0.469731,0) (1, 0, 0.5) (0, 0)
(-0.378946,-0.504659,0) (1, 0, 0.5) (0, 0)
(-0.351016,-0.53878,0) (1, 0, 0.5) (0, 0)
(-0.322771,-0.572039,0) (1, 0, 0.5) (0, 0)
(-0.294235,-0.604382,0) (1, 0, 0.5) (0, 0)
(-0.265434,-0.635759,0) (1, 0, 0.5) (0, 0)
(-0.236394,-0.666118,0) (1, 0, 0.5) (0, 0)
(-0.207142,-0.695412,0) (1, 0, 0.5) (0, 0)
(-0.177703,-0.723593,0) (1, 0, 0.5) (0, 0)
(-0.148104,-0.750616,0) (1, 0, 0.5) (0, 0)
(-0.118372,-0.776439,0) (1, 0, 0.5) (0, 0)
(-0.0885336,-0.80102,0) (1, 0, 0.5) (0, 0)
(-0.0586154,-0.824319,0) (1, 0, 0.5) (0, 0)
(-0.0286444,-0.846299,0) (1, 0, 0.5) (0, 0)
(0.00135236,-0.866925,0) (1, 0, 0.5) (0, 0)
(0.0313479,-0.886164,0) (1, 0, 0.5) (0, 0)
(0.0613152,-0.903986,0) (1, 0, 0.5) (0, 0)
(0.0912274,-0.920361,0) (1, 0, 0.5) (0, 0)
(0.121057,-0.935264,0) (1, 0, 0.5) (0, 0)
(0.150779,-0.94867,0) (1, 0, 0.5) (0, 0)
(0.180364,-0.960559,0) (1, 0, 0.5) (0, 0)
(0.209787,-0.970911,0) (1, 0, 0.5) (0, 0)
(0.239021,-0.979709,0) (1, 0, 0.5) (0, 0)
(0.268041,-0.986941,0) (1, 0, 0.5) (0, 0)
(0.296818,-0.992593,0) (1, 0, 0.5) (0, 0)
(0.325329,-0.996657,0) (1, 0, 0.5) (0, 0)
(0.353547,-0.999127,0) (1, 0, 0.5) (0, 0)
(0.381447,-0.999998,0) (1, 0, 0.5) (0, 0)
(0.409004,-0.99927,0) (1, 0, 0.5) (0, 0)
(0.436192,-0.996943,0) (1, 0, 0.5) (0, 0)
(0.462988,-0.99302,0) (1, 0, 0.5) (0, 0)
(0.489367,-0.98751,0) (1, 0, 0.5) (0, 0)
(0.515306,-0.980419,0) (1, 0, 0.5) (0, 0)
(0.540781,-0.971759,0) (1, 0, 0.5) (0, 0)
(0.565769,-0.961546,0) (1, 0, 0.5) (0, 0)
(0.590249,-0.949793,0) (1, 0, 0.5) (0, 0)
(0.614197,-0.936521,0) (1, 0, 0.5) (0, 0)
(0.637592,-0.921751,0) (1, 0, 0.5) (0, 0)
(0.660413,-0.905506,0) (1, 0, 0.5) (0, 0)
(0.68264,-0.887813,0) (1, 0, 0.5) (0, 0)
(0.704253,-0.868699,0) (1, 0, 0.5) (0, 0)
(0.725232,-0.848195,0) (1, 0, 0.5) (0, 0)
(0.745558,-0.826335,0) (1, 0, 0.5) (0, 0)
(0.765213,-0.803152,0) (1, 0, 0.5) (0, 0)
(0.78418,-0.778684,0) (1, 0, 0.5) (0, 0)
(0.80244,-0.752971,0) (1, 0, 0.5) (0, 0)
(0.819979,-0.726053,0) (1, 0, 0.5) (0, 0)
(0.83678,-0.697973,0) (1, 0, 0.5) (0, 0)
(0.852827,-0.668777,0) (1, 0, 0.5) (0, 0)
(0.868107,-0.638511,0) (1, 0, 0.5) (0, 0)
(0.882606,-0.607223,0) (1, 0, 0.5) (0, 0)
(0.89631,-0.574964,0) (1, 0, 0.5) (0, 0)
(0.909208,-0.541784,0) (1, 0, 0.5) (0, 0)
(0.921288,-0.507739,0) (1, 0, 0.5) (0, 0)
(0.932538,-0.47288,0) (1, 0, 0.5) (0, 0)
(0.942949,-0.437266,0) (1, 0, 0.5) (0, 0)
(0.952512,-0.400951,0) (1, 0, 0.5) (0, 0)
(0.961217,-0.363995,0) (1, 0, 0.5) (0, 0)
(0.969057,-0.326457,0) (1, 0, 0.5) (0, 0)
(0.976025,-0.288397,0) (1, 0, 0.5) (0, 0)
(0.982115,-0.249875,0) (1, 0, 0.5) (0, 0)
(0.987321,-0.210954,0) (1, 0, 0.5) (0, 0)
(0.991638,-0.171695,0) (1, 0, 0.5) (0, 0)
(0.995063,-0.132161,0) (1, 0, 0.5) (0, 0)
(0.997592,-0.0924156,0) (1, 0, 0.5) (0, 0)
(0.999224,-0.0525226,0) (1, 0, 0.5) (0, 0)
(0.999956,-0.0125455,0) (1, 0, 0.5) (0, 0)
(0.999788,0.0274516,0) (1, 0, 0.5) (0, 0)
(0.99872,0.0674048,0) (1, 0, 0.5) (0, 0)
(0.996754,0.10725,0) (1, 0, 0.5) (0, 0)
(0.993891,0.146924,0) (1, 0, 0.5) (0, 0)
(0.990133,0.186363,0) (1, 0, 0.5) (0, 0)
(0.985484,0.225503,0) (1, 0, 0.5) (0, 0)
(0.979948,0.264283,0) (1, 0, 0.5) (0, 0)
(0.97353,0.30264,0) (1, 0, 0.5) (0, 0)
